generations_elite-fitness_number-of-evaluations_time
0_6022.804_512_1.1047685146331787
1_5955.661_1024_1.921785831451416
2_5681.758_1536_2.681070327758789
3_5681.758_2048_3.46449875831604
4_5673.617_2560_4.424725532531738
5_5501.151_3072_5.452722787857056
6_5501.151_3584_7.045032501220703
7_5489.388_4096_8.144277095794678
8_5390.682_4608_9.425262212753296
9_4865.83_5120_10.818137168884277
10_4570.438_5632_12.332844257354736
11_4569.972_6144_14.419710397720337
12_4569.441_6656_15.678289890289307
13_4555.402_7168_16.856874227523804
14_4555.402_7680_17.801832675933838
15_4548.932_8192_18.965372800827026
16_4546.46_8704_20.981642723083496
Function found (25nodes ):
	[+[-4.6452175   3.75135288 -7.90636033  1.18380508], +[-0.19499344 -2.21326936 -0.49972386 -4.78081716], +[-0.92015584  2.67384666 -1.51514928  0.10629885], x7, /[ 0.30584357 -1.51148809 -0.57584206  0.10281411], x0, +[-0.92015584  2.67384666 -1.51514928  0.10629885], +[-4.6452175   3.75135288 -7.90636033  1.18380508], +[-0.19499344 -2.21326936 -0.49972386 -4.78081716], x9, x2, /[ 0.30584357 -1.51148809 -0.57584206  0.10281411], x0, /[ 0.30584357 -1.51148809 -0.57584206  0.10281411], x8, x8, /[ 0.30584357 -1.51148809 -0.57584206  0.10281411], +[-0.16062687  0.63605396 -0.45349751 -1.93149385], x3, x3, x8, x2, /[ 0.30584357 -1.51148809 -0.57584206  0.10281411], x4, x8]
Training
	MSE:4546.46
	Rsquared:0.234
Test:
	MSE:6273.86
	Rsquared:-0.081
20.982640743255615