generations_elite-fitness_number-of-evaluations_time
0_6003.962_512_0.8842730522155762
1_5859.685_1228_2.036381721496582
2_5859.685_1740_2.837106466293335
3_5737.543_2252_3.5323407649993896
4_5710.008_2764_4.165257692337036
5_5631.953_3276_4.9996559619903564
6_5631.761_3788_5.78088903427124
7_5629.961_4300_6.509829998016357
8_5629.957_4812_7.401375770568848
9_5629.861_5324_8.41452145576477
10_5629.679_5836_9.633033752441406
11_5629.678_6348_11.218807220458984
12_5629.671_6860_13.135337591171265
13_5628.266_7372_15.721535921096802
14_5628.266_7884_18.80702805519104
15_5628.064_8395_22.319828271865845
Function found (67nodes ):
	[-[ 6.39983660e-03  2.92675533e-01 -1.11498105e+01 -3.27464518e+00], -[ 6.39983660e-03  2.92675533e-01 -1.11498105e+01 -3.27464518e+00], -[ 6.39983660e-03  2.92675533e-01 -1.11498105e+01 -3.27464518e+00], x3, +[0.15054186 6.32842998 6.6438825  6.97770536], x2, -[ 6.39983660e-03  2.92675533e-01 -1.11498105e+01 -3.27464518e+00], -[ 6.39983660e-03  2.92675533e-01 -1.11498105e+01 -3.27464518e+00], -[ 6.39983660e-03  2.92675533e-01 -1.11498105e+01 -3.27464518e+00], +[0.15054186 6.32842998 6.6438825  6.97770536], x2, x2, +[0.15054186 6.32842998 6.6438825  6.97770536], x2, -[ 6.39983660e-03  2.92675533e-01 -1.11498105e+01 -3.27464518e+00], x3, -[ 6.39983660e-03  2.92675533e-01 -1.11498105e+01 -3.27464518e+00], x2, +[0.15054186 6.32842998 6.6438825  6.97770536], x2, -[ 6.39983660e-03  2.92675533e-01 -1.11498105e+01 -3.27464518e+00], -[ 6.39983660e-03  2.92675533e-01 -1.11498105e+01 -3.27464518e+00], x3, +[0.15054186 6.32842998 6.6438825  6.97770536], -[ 6.39983660e-03  2.92675533e-01 -1.11498105e+01 -3.27464518e+00], -[ 6.39983660e-03  2.92675533e-01 -1.11498105e+01 -3.27464518e+00], x3, +[0.15054186 6.32842998 6.6438825  6.97770536], +[0.15054186 6.32842998 6.6438825  6.97770536], x2, x3, x2, +[0.15054186 6.32842998 6.6438825  6.97770536], -[ 6.39983660e-03  2.92675533e-01 -1.11498105e+01 -3.27464518e+00], -[ 6.39983660e-03  2.92675533e-01 -1.11498105e+01 -3.27464518e+00], x3, +[0.15054186 6.32842998 6.6438825  6.97770536], +[0.15054186 6.32842998 6.6438825  6.97770536], x2, x3, x2, +[0.15054186 6.32842998 6.6438825  6.97770536], x2, x2, x2, x2, +[0.15054186 6.32842998 6.6438825  6.97770536], x2, x2, +[0.15054186 6.32842998 6.6438825  6.97770536], x2, x2, +[0.15054186 6.32842998 6.6438825  6.97770536], x2, x2, -[ 6.39983660e-03  2.92675533e-01 -1.11498105e+01 -3.27464518e+00], -[ 6.39983660e-03  2.92675533e-01 -1.11498105e+01 -3.27464518e+00], +[0.15054186 6.32842998 6.6438825  6.97770536], x2, x2, +[0.15054186 6.32842998 6.6438825  6.97770536], x2, x3, x3, +[0.15054186 6.32842998 6.6438825  6.97770536], x2, x2]
Training
	MSE:5628.064
	Rsquared:0.053
Test:
	MSE:5363.514
	Rsquared:0.041
22.32082748413086