generations_elite-fitness_number-of-evaluations_time
0_26942.065_512_0.12203025817871094
1_5514.056_1024_1.2897639274597168
2_5510.809_1536_1.780752420425415
3_5510.809_2048_3.0277626514434814
4_5510.809_2560_3.660013198852539
5_5455.827_3072_5.207775115966797
6_5402.15_3584_5.847277641296387
7_5399.391_4096_6.636589765548706
8_5399.391_4608_7.405246019363403
9_5389.576_5120_8.415120363235474
10_5388.766_5632_9.464480638504028
11_5383.509_6144_10.379160165786743
12_5375.853_6656_11.418134212493896
13_5375.853_7168_12.490415096282959
14_5375.318_7680_13.456128358840942
15_5375.318_8192_14.605864524841309
16_5375.318_8704_15.868520975112915
17_5374.598_9216_17.112972736358643
18_5374.598_9728_18.319430351257324
19_5374.598_10240_19.7693612575531
20_5374.24_10752_21.568093061447144
Function found (29nodes ):
	[-[ -1.01631999   4.3787441  -20.33010392  -5.39969193], +[ 1.18537431  0.31242298 -1.79880727  0.90648642], x6, -[ 0.23621487 -2.24157604  1.207478    1.2206282 ], -[ 0.23621487 -2.24157604  1.207478    1.2206282 ], +[ 1.18537431  0.31242298 -1.79880727  0.90648642], -[ 0.23621487 -2.24157604  1.207478    1.2206282 ], 0.172, x6, -[ 0.23621487 -2.24157604  1.207478    1.2206282 ], x6, -[ 0.23621487 -2.24157604  1.207478    1.2206282 ], -[ 0.23621487 -2.24157604  1.207478    1.2206282 ], -[ 0.23621487 -2.24157604  1.207478    1.2206282 ], +[ 1.18537431  0.31242298 -1.79880727  0.90648642], x8, -[ 0.23621487 -2.24157604  1.207478    1.2206282 ], x6, x8, x6, x6, x6, x6, x6, +[ 1.18537431  0.31242298 -1.79880727  0.90648642], x8, -[ 0.23621487 -2.24157604  1.207478    1.2206282 ], x6, x8]
Training
	MSE:5374.24
	Rsquared:0.054
Test:
	MSE:7862.608
	Rsquared:0.038
21.568284034729004