generations_elite-fitness_number-of-evaluations_time
0_25521.511_512_0.19144201278686523
1_5909.164_1024_0.7041923999786377
2_5784.963_1536_1.1130681037902832
3_5784.963_2048_1.7492332458496094
4_5311.557_2560_2.2657177448272705
5_5311.557_3072_2.9878745079040527
6_5290.578_3584_3.4721264839172363
7_5276.719_4096_4.040125846862793
8_5276.279_4608_4.608791351318359
9_5027.93_5120_5.245209455490112
10_4955.13_5632_6.012746810913086
11_4954.379_6144_6.787583112716675
12_4936.478_6656_7.9413018226623535
13_4923.893_7168_9.494705200195312
14_4895.558_7680_11.501491069793701
15_4895.558_8192_13.616450548171997
16_4735.434_8704_16.195484161376953
17_4735.434_9216_18.74722409248352
18_4717.275_9728_21.66945505142212
Function found (63nodes ):
	[+[167.15541293  31.01025887   2.1665605   32.0927883 ], +[-0.75937433 -0.35929151  2.059428    0.72323791], /[-0.02739909  1.33889602  0.43118423  0.23979633], +[167.15541293  31.01025887   2.1665605   32.0927883 ], +[-0.75937433 -0.35929151  2.059428    0.72323791], x0, x2, /[-0.02739909  1.33889602  0.43118423  0.23979633], x8, x5, +[167.15541293  31.01025887   2.1665605   32.0927883 ], +[167.15541293  31.01025887   2.1665605   32.0927883 ], +[-0.75937433 -0.35929151  2.059428    0.72323791], x0, x2, /[-0.02739909  1.33889602  0.43118423  0.23979633], +[-0.75937433 -0.35929151  2.059428    0.72323791], +[167.15541293  31.01025887   2.1665605   32.0927883 ], +[-0.75937433 -0.35929151  2.059428    0.72323791], x0, x2, x2, /[-0.02739909  1.33889602  0.43118423  0.23979633], +[-0.75937433 -0.35929151  2.059428    0.72323791], +[167.15541293  31.01025887   2.1665605   32.0927883 ], x0, /[-0.02739909  1.33889602  0.43118423  0.23979633], /[-0.02739909  1.33889602  0.43118423  0.23979633], x8, x0, x0, x2, x0, x0, /[-0.02739909  1.33889602  0.43118423  0.23979633], +[167.15541293  31.01025887   2.1665605   32.0927883 ], +[-0.75937433 -0.35929151  2.059428    0.72323791], x0, x2, /[-0.02739909  1.33889602  0.43118423  0.23979633], x8, x5, x0, x2, /[-0.02739909  1.33889602  0.43118423  0.23979633], +[-0.75937433 -0.35929151  2.059428    0.72323791], +[167.15541293  31.01025887   2.1665605   32.0927883 ], +[-0.75937433 -0.35929151  2.059428    0.72323791], x0, x2, /[-0.02739909  1.33889602  0.43118423  0.23979633], +[167.15541293  31.01025887   2.1665605   32.0927883 ], +[-0.75937433 -0.35929151  2.059428    0.72323791], x0, x2, /[-0.02739909  1.33889602  0.43118423  0.23979633], x8, x5, x0, /[-0.02739909  1.33889602  0.43118423  0.23979633], x8, x5, x0]
Training
	MSE:4717.275
	Rsquared:0.215
Test:
	MSE:4126.408
	Rsquared:0.194
21.669573545455933