generations_elite-fitness_number-of-evaluations_time
0_5967.793_512_0.26387739181518555
1_5814.019_1536_0.6479463577270508
2_5578.812_2560_1.0871338844299316
3_5564.441_3584_1.665360450744629
4_5562.843_4608_2.1866822242736816
5_5562.843_5632_2.7194509506225586
6_5555.214_6656_3.421302080154419
7_5542.308_7680_4.123300790786743
8_5540.506_8704_4.7860636711120605
9_5539.969_9728_5.553920745849609
10_5536.029_10752_6.371930360794067
11_5535.617_11776_7.262084484100342
12_5530.128_12800_8.009434223175049
13_5530.119_13824_9.168639659881592
14_5525.444_14848_11.020712852478027
15_5501.851_15872_13.727028369903564
16_5501.32_16896_17.190784215927124
17_5127.236_17920_20.924540519714355
Function found (45nodes ):
	[-[ -6.32055241  70.91139513 -87.83469661 -70.69373233], /[ 316.28253451 -208.23437028    1.73782076  315.9524118 ], -1.517, +[ 1.95521046 30.20975094 -0.35494871 30.76249767], x8, -[ -3.57216878  69.64920429 -87.54782267 -69.43154149], +[ 1.95521046 30.20975094 -0.35494871 30.76249767], +[ 1.95521046 30.20975094 -0.35494871 30.76249767], x8, -[ -3.57216878  69.64920429 -87.54782267 -69.43154149], +[ 1.95521046 30.20975094 -0.35494871 30.76249767], x3, +[ 1.95521046 30.20975094 -0.35494871 30.76249767], -[ -3.57216878  69.64920429 -87.54782267 -69.43154149], +[ 1.95521046 30.20975094 -0.35494871 30.76249767], x3, -[ -6.32055241  70.91139513 -87.83469661 -70.69373233], /[ 316.28253451 -208.23437028    1.73782076  315.9524118 ], -1.517, +[ 1.95521046 30.20975094 -0.35494871 30.76249767], x6, x8, x2, x2, x4, x2, -[ -6.32055241  70.91139513 -87.83469661 -70.69373233], /[ 316.28253451 -208.23437028    1.73782076  315.9524118 ], /[ 316.28253451 -208.23437028    1.73782076  315.9524118 ], -1.517, +[ 1.95521046 30.20975094 -0.35494871 30.76249767], x8, -[ -6.32055241  70.91139513 -87.83469661 -70.69373233], /[ 316.28253451 -208.23437028    1.73782076  315.9524118 ], -1.517, +[ 1.95521046 30.20975094 -0.35494871 30.76249767], x6, x4, x2, +[ 1.77324102 75.78154961 -0.13172981 76.33429634], x3, x0, x2, x2, x2]
Training
	MSE:5127.236
	Rsquared:0.13
Test:
	MSE:6513.174
	Rsquared:-0.05
20.924656629562378