generations_elite-fitness_number-of-evaluations_time
0_25914.458_512_0.3119242191314697
1_25914.458_1536_0.6662473678588867
2_24302.67_2560_1.1325304508209229
3_17010.365_3584_1.7069566249847412
4_11554.966_4608_2.4831387996673584
5_6211.553_5632_3.4862942695617676
6_6064.759_6656_4.86704421043396
7_6027.864_7680_6.539734840393066
8_6021.22_8704_8.405408382415771
9_5993.027_9728_10.208878993988037
10_5993.027_10752_12.00558876991272
11_5941.316_11776_13.88057541847229
12_5907.113_12800_16.15546464920044
13_5860.217_13824_18.97492241859436
14_5860.217_14848_21.426668167114258
Function found (27nodes ):
	[*[-2.30563407  1.69734988  0.05949623 -1.37724736], *[-2.30563407  1.69734988  0.05949623 -1.37724736], +[ 1.60067622  0.05499391 -0.47925694  0.60774064], -[ 0.12964105  1.33814763  1.58733811 -1.12048484], x5, -3.792, /[ 0.82578298 -0.28661054 -0.59912191  0.81912988], -3.792, x9, *[-2.30563407  1.69734988  0.05949623 -1.37724736], x4, *[-2.30563407  1.69734988  0.05949623 -1.37724736], *[-2.30563407  1.69734988  0.05949623 -1.37724736], -[ 0.12964105  1.33814763  1.58733811 -1.12048484], +[ 1.60067622  0.05499391 -0.47925694  0.60774064], x6, x0, *[-2.30563407  1.69734988  0.05949623 -1.37724736], x9, x1, 2.476, *[-2.30563407  1.69734988  0.05949623 -1.37724736], x4, x7, *[-2.30563407  1.69734988  0.05949623 -1.37724736], x4, x7]
Training
	MSE:5860.217
	Rsquared:0.023
Test:
	MSE:5100.853
	Rsquared:0.036
21.42677903175354