generations_elite-fitness_number-of-evaluations_time
0_6001.643_512_0.6804804801940918
1_6001.643_1024_1.083770751953125
2_5741.724_1536_1.4499413967132568
3_5730.617_2048_1.877586841583252
4_5730.617_2560_2.1778066158294678
5_5730.26_3072_2.4826223850250244
6_5730.26_3584_2.8066341876983643
7_5727.614_4096_3.205230474472046
8_5708.853_4608_3.769712448120117
9_5706.302_5120_4.301901340484619
10_5662.481_5632_5.088611364364624
11_5662.481_6144_6.017405271530151
12_5658.192_6656_7.336514711380005
13_5655.509_7168_8.909918546676636
14_5651.058_7680_10.52178406715393
15_5648.005_8192_12.513593435287476
16_5647.007_8704_14.684578657150269
17_5647.007_9216_17.656179666519165
18_5644.267_9727_20.7816960811615
Function found (45nodes ):
	[+[88.3288082  80.87312076  0.89253635 81.4671842 ], x2, +[ 0.31755182 -0.66749149 -0.28337179 -0.07342805], +[ 0.31755182 -0.66749149 -0.28337179 -0.07342805], +[ 0.31755182 -0.66749149 -0.28337179 -0.07342805], +[88.3288082  80.87312076  0.89253635 81.4671842 ], x5, +[ 0.31755182 -0.66749149 -0.28337179 -0.07342805], x8, +[88.3288082  80.87312076  0.89253635 81.4671842 ], x2, +[ 0.31755182 -0.66749149 -0.28337179 -0.07342805], +[ 0.31755182 -0.66749149 -0.28337179 -0.07342805], x3, +[ 0.31755182 -0.66749149 -0.28337179 -0.07342805], x8, +[88.3288082  80.87312076  0.89253635 81.4671842 ], +[ 0.31755182 -0.66749149 -0.28337179 -0.07342805], x8, x5, +[ 0.31755182 -0.66749149 -0.28337179 -0.07342805], +[ 0.31755182 -0.66749149 -0.28337179 -0.07342805], x3, x5, x5, x5, x5, +[88.3288082  80.87312076  0.89253635 81.4671842 ], +[ 0.31755182 -0.66749149 -0.28337179 -0.07342805], +[ 0.31755182 -0.66749149 -0.28337179 -0.07342805], +[ 0.31755182 -0.66749149 -0.28337179 -0.07342805], x8, x5, x5, x8, +[88.3288082  80.87312076  0.89253635 81.4671842 ], +[ 0.31755182 -0.66749149 -0.28337179 -0.07342805], +[ 0.31755182 -0.66749149 -0.28337179 -0.07342805], +[ 0.31755182 -0.66749149 -0.28337179 -0.07342805], x8, x5, x5, x8, x8, x2]
Training
	MSE:5644.267
	Rsquared:0.066
Test:
	MSE:4780.221
	Rsquared:0.013
20.78188681602478