generations_elite-fitness_number-of-evaluations_time
0_6329.778_512_0.2837707996368408
1_5910.571_1536_0.9521753787994385
2_5910.571_2560_1.5172224044799805
3_5848.479_3584_2.2701833248138428
4_5721.775_4608_2.8828554153442383
5_5495.615_5632_3.482022762298584
6_5495.615_6656_4.299618244171143
7_5482.395_7680_5.1559789180755615
8_5453.09_8704_6.147606134414673
9_5451.572_9728_7.207602024078369
10_5418.852_10752_8.248698472976685
11_5418.852_11776_9.480626583099365
12_5418.852_12800_10.826540470123291
13_5417.464_13824_12.214458703994751
14_5413.594_14848_13.634646654129028
15_5413.594_15872_14.98753023147583
16_5412.331_16896_16.29202699661255
17_5412.331_17920_17.686000108718872
18_5410.228_18944_19.054059982299805
19_5409.554_19968_20.512669563293457
Function found (21nodes ):
	[-[ 3.20511427  1.91132329  1.58061086 -1.69366049], *[-2.3180051   3.03508927  3.65786599 -0.45475629], x6, -[ 0.14673217  2.4327889   1.57024698 -2.21512611], x2, x6, +[1.60414738 0.65631278 0.91186248 1.20905951], -[ 0.12898853  1.27210143  1.58743408 -1.05443864], -[ 0.12898853  1.27210143  1.58743408 -1.05443864], 4.969, x2, x2, -[ 0.12898853  1.27210143  1.58743408 -1.05443864], +[1.60414738 0.65631278 0.91186248 1.20905951], -[ 0.12898853  1.27210143  1.58743408 -1.05443864], 4.969, x2, -[ 0.12898853  1.27210143  1.58743408 -1.05443864], x3, x2, x2]
Training
	MSE:5409.554
	Rsquared:0.084
Test:
	MSE:5725.843
	Rsquared:0.049
20.512794733047485