generations_elite-fitness_number-of-evaluations_time
0_5846.711_512_0.24220561981201172
1_5846.711_1024_0.7109026908874512
2_5846.711_1536_1.067232370376587
3_5846.711_2048_1.4294750690460205
4_5846.711_2560_2.020258665084839
5_5846.711_3072_2.3412680625915527
6_5846.711_3584_2.658806562423706
7_5846.711_4096_2.980907678604126
8_5846.711_4608_3.302511692047119
9_5846.711_5120_3.622767210006714
10_5846.711_5632_4.047124147415161
11_5846.711_6144_4.364825248718262
12_5846.711_6656_4.688131093978882
13_5846.711_7168_5.012789964675903
14_5846.711_7680_5.336673974990845
15_5846.711_8192_5.670483827590942
16_5846.711_8704_6.080555438995361
17_5846.711_9216_6.4024059772491455
18_5846.711_9728_6.726108551025391
19_5846.711_10240_7.046367883682251
20_5846.711_10752_7.373088836669922
21_5846.711_11264_7.694260835647583
22_5846.711_11776_8.108896970748901
23_5846.711_12288_8.429866313934326
24_5846.711_12800_8.75362515449524
25_5846.711_13312_9.075538873672485
26_5846.711_13824_9.388039350509644
27_5846.711_14336_9.714048385620117
28_5846.711_14848_10.118996620178223
29_5846.711_15360_10.439257860183716
30_5846.711_15872_10.76228666305542
31_5846.711_16384_11.082690238952637
32_5846.711_16896_11.401812314987183
33_5846.711_17408_11.728484392166138
34_5846.711_17920_12.13646149635315
35_5846.711_18432_12.460125207901001
36_5846.711_18944_12.784042358398438
37_5846.711_19456_13.098459959030151
38_5846.711_19968_13.424180746078491
39_5802.487_20480_13.836609601974487
40_5802.487_20992_14.166163444519043
41_5802.487_21504_14.503961086273193
42_5802.487_22016_14.87880563735962
43_5654.481_22528_15.394211053848267
44_5654.481_23040_16.187440633773804
45_5525.757_23552_16.979865074157715
46_5397.158_24064_17.91126585006714
47_5214.6_24576_18.919911861419678
48_5057.183_25088_20.1268572807312
Function found (31nodes ):
	[*[  0.84929945 -19.64415942  -1.55411126  -7.76775926], x6, +[-0.75937433 -0.35929151  2.059428    0.72323791], -[0.75460539 0.23527888 0.57212504 0.42596996], x6, x3, -[0.75460539 0.23527888 0.57212504 0.42596996], +[-0.75937433 -0.35929151  2.059428    0.72323791], -[0.75460539 0.23527888 0.57212504 0.42596996], x6, x3, -[0.75460539 0.23527888 0.57212504 0.42596996], -[0.75460539 0.23527888 0.57212504 0.42596996], x3, -[0.75460539 0.23527888 0.57212504 0.42596996], x6, +[-0.75937433 -0.35929151  2.059428    0.72323791], -[0.75460539 0.23527888 0.57212504 0.42596996], -[0.75460539 0.23527888 0.57212504 0.42596996], x6, x3, x3, -[0.75460539 0.23527888 0.57212504 0.42596996], -[0.75460539 0.23527888 0.57212504 0.42596996], x3, -[0.75460539 0.23527888 0.57212504 0.42596996], x6, x8, x6, x6, x6]
Training
	MSE:5057.183
	Rsquared:0.156
Test:
	MSE:4514.953
	Rsquared:0.157
20.126983880996704