generations_elite-fitness_number-of-evaluations_time
0_5897.672_512_0.8213281631469727
1_5742.21_1024_1.345444917678833
2_5641.292_1536_2.0752155780792236
3_5616.99_2048_2.9120121002197266
4_5600.368_2560_3.4866011142730713
5_5600.368_3072_4.043509006500244
6_5579.257_3584_4.621653318405151
7_5567.321_4096_5.069018363952637
8_5566.888_4608_5.52646017074585
9_5565.536_5120_6.079288482666016
10_5565.536_5632_6.524396181106567
11_5565.536_6144_6.9598846435546875
12_5565.536_6656_7.4029130935668945
13_5565.536_7168_7.92253041267395
14_5565.536_7680_8.360769271850586
15_5565.536_8192_8.7907075881958
16_5565.536_8704_9.323046445846558
17_5565.536_9216_9.761168003082275
18_5565.536_9728_10.199093103408813
19_5565.536_10240_10.629669904708862
20_5565.536_10752_11.15060043334961
21_5565.536_11264_11.587759733200073
22_5565.536_11776_12.033735752105713
23_5565.536_12288_12.565951585769653
24_5565.536_12800_12.999087572097778
25_5565.536_13312_13.435744524002075
26_5565.536_13824_13.889907598495483
27_5565.536_14336_14.42366361618042
28_5305.338_14848_14.855956077575684
29_5305.338_15360_15.292556524276733
30_5305.338_15872_15.825245380401611
31_5266.413_16384_16.302871465682983
32_5219.204_16896_16.842570781707764
33_5219.204_17408_17.569249868392944
34_5192.686_17920_18.298540115356445
35_5192.686_18432_19.20427441596985
36_5192.212_18944_20.219162940979004
Function found (15nodes ):
	[-[-11.09885887  -0.22268302  -0.26639499  -0.79826481], -[-1.22408501 -7.41100835  5.78779533  6.39006052], -[-11.09885887  -0.22268302  -0.26639499  -0.79826481], x6, x8, x2, -[-1.22408501 -7.41100835  5.78779533  6.39006052], -[-11.09885887  -0.22268302  -0.26639499  -0.79826481], -[-11.09885887  -0.22268302  -0.26639499  -0.79826481], x6, -[-11.09885887  -0.22268302  -0.26639499  -0.79826481], x6, x8, x6, x2]
Training
	MSE:5192.212
	Rsquared:0.118
Test:
	MSE:5796.332
	Rsquared:0.062
20.21958065032959