generations_elite-fitness_number-of-evaluations_time
0_22912.665_512_0.11322259902954102
1_22912.665_1536_0.4832191467285156
2_21968.545_2560_1.0384891033172607
3_12948.238_3584_1.9015963077545166
4_5907.505_4608_2.8541481494903564
5_5677.348_5632_4.134525775909424
6_5677.261_6656_5.759160757064819
7_5670.194_7680_7.721585273742676
8_5659.769_8704_10.137885808944702
9_5298.061_9728_13.61547303199768
10_5298.061_10752_18.343341588974
11_5280.386_11776_23.02308416366577
Function found (35nodes ):
	[*[-2.30563407  1.69734988  0.05949623 -1.37724736], *[-2.30563407  1.69734988  0.05949623 -1.37724736], -[ 0.12964105  1.33814763  1.58733811 -1.12048484], +[ 1.60067622  0.05499391 -0.47925694  0.60774064], *[-2.30563407  1.69734988  0.05949623 -1.37724736], x2, -[ 0.12964105  1.33814763  1.58733811 -1.12048484], x2, *[-2.30563407  1.69734988  0.05949623 -1.37724736], *[-2.30563407  1.69734988  0.05949623 -1.37724736], *[-2.30563407  1.69734988  0.05949623 -1.37724736], +[ 1.60067622  0.05499391 -0.47925694  0.60774064], -[ 0.12964105  1.33814763  1.58733811 -1.12048484], x4, x8, +[ 1.60067622  0.05499391 -0.47925694  0.60774064], -3.923, x4, x1, *[-2.30563407  1.69734988  0.05949623 -1.37724736], x5, -[ 0.12964105  1.33814763  1.58733811 -1.12048484], x0, x5, x7, x9, *[-2.30563407  1.69734988  0.05949623 -1.37724736], -3.147, x0, x4, *[-2.30563407  1.69734988  0.05949623 -1.37724736], x5, +[ 1.60067622  0.05499391 -0.47925694  0.60774064], -3.923, x4]
Training
	MSE:5280.386
	Rsquared:0.1
Test:
	MSE:6084.235
	Rsquared:0.054
23.02319836616516