generations_elite-fitness_number-of-evaluations_time
0_6011.493_512_0.33614110946655273
1_6011.493_1536_0.8277618885040283
2_6008.784_2560_1.2091333866119385
3_6008.784_3584_1.698350429534912
4_6008.784_4608_2.3672242164611816
5_6006.598_5632_2.9056856632232666
6_6006.598_6656_3.3275015354156494
7_6005.517_7680_3.781679630279541
8_6004.128_8704_4.584828615188599
9_5995.598_9728_5.815414667129517
10_5995.598_10752_7.1233603954315186
11_5994.223_11776_8.523860216140747
12_5971.65_12800_10.015235185623169
13_5968.313_13824_11.42484998703003
14_5947.178_14848_12.866636514663696
15_5947.178_15872_14.491947889328003
16_5944.959_16896_16.501113653182983
17_5936.874_17920_18.803457975387573
18_5933.845_18944_21.571295738220215
Function found (25nodes ):
	[-[  0.91154784  49.50871162   2.12918916 -49.29104883], +[ 1.89530227 30.52029108 -0.06716673 31.07303781], -[ 0.13352464  1.57180348  2.55771082 -1.35414068], x2, x6, -[ 0.13352464  1.57180348  2.55771082 -1.35414068], -[  0.91154784  49.50871162   2.12918916 -49.29104883], +[ 1.89530227 30.52029108 -0.06716673 31.07303781], x2, /[-3.65619303 -6.93435928 -4.12976713  0.42913272], +[ 1.54035586 -5.43460387 -0.54928192 -4.88185714], +[  1.89517528  30.35394749 -53.07824036  30.90669422], +[ 1.54035586 -5.43460387 -0.54928192 -4.88185714], +[ 1.54035586 -5.43460387 -0.54928192 -4.88185714], +[  1.89517528  30.35394749 -53.07824036  30.90669422], x6, x2, x8, x2, -1.736, x8, x6, x6, -4.153, x6]
Training
	MSE:5933.845
	Rsquared:0.014
Test:
	MSE:5259.167
	Rsquared:-0.036
21.571413278579712