generations_elite-fitness_number-of-evaluations_time
0_5987.86_512_0.8112392425537109
1_5987.86_1024_1.562150001525879
2_5922.903_1536_2.0166280269622803
3_5796.287_2048_2.5816805362701416
4_5684.312_2560_3.1414153575897217
5_5684.312_3072_3.721967935562134
6_5684.312_3584_4.323519945144653
7_5605.246_4096_5.004895210266113
8_5605.246_4608_5.635035753250122
9_5601.644_5120_6.409460067749023
10_5596.127_5632_7.0753374099731445
11_5592.543_6144_7.751144170761108
12_5592.543_6656_8.543620586395264
13_5590.219_7168_9.307762145996094
14_5590.219_7680_10.210932970046997
15_5589.745_8192_11.152223110198975
16_5589.12_8704_12.118573665618896
17_5589.12_9216_13.351290464401245
18_5587.693_9728_14.907016038894653
19_5586.248_10240_17.04717993736267
20_5586.247_10752_19.422415733337402
21_5584.238_11264_22.96509552001953
Function found (51nodes ):
	[*[ -0.28402661 -14.03617732  -0.78058433  -4.49534715], x2, +[-6.69092008  2.36659431 -0.3131962   2.96065775], -[-1.0565823  -0.69970391 -0.26953729 -0.32124392], x2, x6, -[-1.0565823  -0.69970391 -0.26953729 -0.32124392], x2, -[-1.0565823  -0.69970391 -0.26953729 -0.32124392], x2, -[-1.0565823  -0.69970391 -0.26953729 -0.32124392], +[-6.69092008  2.36659431 -0.3131962   2.96065775], -[-1.0565823  -0.69970391 -0.26953729 -0.32124392], x2, x6, -[-1.0565823  -0.69970391 -0.26953729 -0.32124392], x2, -[-1.0565823  -0.69970391 -0.26953729 -0.32124392], x2, *[ -0.28402661 -14.03617732  -0.78058433  -4.49534715], x2, +[-6.69092008  2.36659431 -0.3131962   2.96065775], -[-1.0565823  -0.69970391 -0.26953729 -0.32124392], -[-1.0565823  -0.69970391 -0.26953729 -0.32124392], x2, x6, x6, -[-1.0565823  -0.69970391 -0.26953729 -0.32124392], x2, -[-1.0565823  -0.69970391 -0.26953729 -0.32124392], x2, -[-1.0565823  -0.69970391 -0.26953729 -0.32124392], +[-6.69092008  2.36659431 -0.3131962   2.96065775], -[-1.0565823  -0.69970391 -0.26953729 -0.32124392], x2, x6, -[-1.0565823  -0.69970391 -0.26953729 -0.32124392], x2, -[-1.0565823  -0.69970391 -0.26953729 -0.32124392], x2, x2, +[-6.69092008  2.36659431 -0.3131962   2.96065775], -[-1.0565823  -0.69970391 -0.26953729 -0.32124392], x2, x6, -[-1.0565823  -0.69970391 -0.26953729 -0.32124392], x2, x6, -[-1.0565823  -0.69970391 -0.26953729 -0.32124392], x2, x6]
Training
	MSE:5584.238
	Rsquared:0.07
Test:
	MSE:4898.195
	Rsquared:0.002
22.96525287628174