generations_elite-fitness_number-of-evaluations_time
0_6067.589_512_0.7609679698944092
1_5979.93_1536_1.9268686771392822
2_5979.93_2560_2.7506425380706787
3_5948.526_3584_3.3460500240325928
4_5937.788_4608_4.0551536083221436
5_5903.089_5632_5.059468030929565
6_5903.089_6656_6.105671405792236
7_5897.83_7680_7.354330062866211
8_5896.348_8704_8.59201955795288
9_5892.025_9728_9.97332501411438
10_5891.874_10752_11.256891250610352
11_5890.966_11776_12.72995114326477
12_5873.544_12800_14.364579439163208
13_5873.49_13824_16.331319332122803
14_5866.216_14848_18.876511335372925
15_5841.185_15872_22.16970181465149
Function found (31nodes ):
	[+[ 2.26073401 68.24563536 16.52351119 67.59217514], +[ 0.59982584 -0.93967674  0.08827584 -1.59313696], +[ 0.59982584 -0.93967674  0.08827584 -1.59313696], x8, x1, +[ 0.59982584 -0.93967674  0.08827584 -1.59313696], x3, x1, *[-0.93419498 -0.55632846  0.97263284 -0.21780961], x8, +[ 0.59982584 -0.93967674  0.08827584 -1.59313696], x0, +[ 0.59982584 -0.93967674  0.08827584 -1.59313696], x1, *[-0.93419498 -0.55632846  0.97263284 -0.21780961], x8, +[ 0.59982584 -0.93967674  0.08827584 -1.59313696], +[ 2.26073401 68.24563536 16.52351119 67.59217514], +[ 0.59982584 -0.93967674  0.08827584 -1.59313696], x1, x1, *[-0.93419498 -0.55632846  0.97263284 -0.21780961], x8, +[ 0.59982584 -0.93967674  0.08827584 -1.59313696], /[ -0.2117676  -12.04062072  -0.63309249  61.35098316], x7, x0, x1, /[ -0.2117676  -12.04062072  -0.63309249  61.35098316], x7, x0]
Training
	MSE:5841.185
	Rsquared:0.037
Test:
	MSE:4628.557
	Rsquared:-0.023
22.16970181465149