generations_elite-fitness_number-of-evaluations_time
0_5843.799_512_1.559823989868164
1_5843.799_1536_3.2672576904296875
2_5843.799_2560_3.969379186630249
3_5843.799_3584_4.627618312835693
4_5839.635_4608_5.439446449279785
5_5768.503_5632_6.388906955718994
6_5736.596_6656_7.563782215118408
7_5736.596_7680_8.931107997894287
8_5725.952_8704_10.44605541229248
9_5723.048_9728_11.851298570632935
10_5720.63_10752_13.766178607940674
11_5718.946_11776_15.910442590713501
12_5717.095_12800_18.459622383117676
13_5716.115_13824_21.66205883026123
Function found (55nodes ):
	[+[0.7359563  7.99067556 5.13370416 7.33721534], -[ 0.10057177 -1.48020094  0.35969428  0.13161286], +[0.7359563  7.99067556 5.13370416 7.33721534], -[ 0.10057177 -1.48020094  0.35969428  0.13161286], x4, +[0.7359563  7.99067556 5.13370416 7.33721534], -[ 0.10057177 -1.48020094  0.35969428  0.13161286], x4, x6, -[ 0.10057177 -1.48020094  0.35969428  0.13161286], +[0.7359563  7.99067556 5.13370416 7.33721534], -[ 0.10057177 -1.48020094  0.35969428  0.13161286], +[0.7359563  7.99067556 5.13370416 7.33721534], x2, *[-0.9987974  -5.15479079  0.9411946  -4.95432447], x8, x4, *[-0.9987974  -5.15479079  0.9411946  -4.95432447], x8, x4, *[-0.9987974  -5.15479079  0.9411946  -4.95432447], x8, x4, x6, -[ 0.10057177 -1.48020094  0.35969428  0.13161286], +[0.7359563  7.99067556 5.13370416 7.33721534], +[0.7359563  7.99067556 5.13370416 7.33721534], -[ 0.10057177 -1.48020094  0.35969428  0.13161286], +[0.7359563  7.99067556 5.13370416 7.33721534], -[ 0.10057177 -1.48020094  0.35969428  0.13161286], x4, x6, *[-0.9987974  -5.15479079  0.9411946  -4.95432447], x8, x4, -[ 0.10057177 -1.48020094  0.35969428  0.13161286], +[0.7359563  7.99067556 5.13370416 7.33721534], -[ 0.10057177 -1.48020094  0.35969428  0.13161286], x4, x8, *[-0.9987974  -5.15479079  0.9411946  -4.95432447], x8, x4, x6, *[-0.9987974  -5.15479079  0.9411946  -4.95432447], x8, x6, *[-0.9987974  -5.15479079  0.9411946  -4.95432447], x8, x6, x6, x6, *[-0.9987974  -5.15479079  0.9411946  -4.95432447], x2, x6]
Training
	MSE:5716.115
	Rsquared:0.032
Test:
	MSE:5997.32
	Rsquared:0.017
21.663054704666138