generations_elite-fitness_number-of-evaluations_time
0_6002.945_512_0.6706047058105469
1_5885.088_1536_1.0379393100738525
2_5807.368_2560_1.4742991924285889
3_5807.353_3584_1.8595633506774902
4_5807.353_4608_2.3162636756896973
5_5806.424_5632_2.6027674674987793
6_5806.424_6656_2.891772747039795
7_5806.424_7680_3.1801414489746094
8_5806.424_8704_3.4693045616149902
9_5806.424_9728_3.7606289386749268
10_5806.424_10752_4.137873888015747
11_5806.424_11776_4.428915023803711
12_5806.424_12800_4.729004859924316
13_5736.472_13824_5.02609658241272
14_5736.472_14848_5.318522691726685
15_5735.221_15872_5.633807420730591
16_5688.805_16896_6.107072591781616
17_5688.475_17920_6.6656105518341064
18_5637.239_18944_7.410017013549805
19_5637.239_19968_8.088849782943726
20_5211.84_20992_8.84418797492981
21_5211.154_22016_9.840942144393921
22_5106.043_23040_11.017333507537842
23_5025.823_24064_12.087006092071533
24_4942.945_25088_13.219263553619385
25_4897.126_26112_14.427612781524658
26_4851.224_27136_15.752624988555908
27_4698.735_28160_17.235191106796265
28_4698.735_29184_19.11584782600403
29_4672.76_30208_21.68588399887085
Function found (21nodes ):
	[+[ 5.83648073 81.04034146 74.59981086 81.59308819], +[ 1.60067622  0.05499391 -0.47925694  0.60774064], +[ 1.60067622  0.05499391 -0.47925694  0.60774064], x2, x0, x8, *[-2.30563407  1.69734988  0.05949623 -1.37724736], +[ 1.60067622  0.05499391 -0.47925694  0.60774064], x8, x8, *[-2.30563407  1.69734988  0.05949623 -1.37724736], x0, +[ 1.60067622  0.05499391 -0.47925694  0.60774064], x2, +[ 1.60067622  0.05499391 -0.47925694  0.60774064], +[ 5.83648073 81.04034146 74.59981086 81.59308819], +[ 1.60067622  0.05499391 -0.47925694  0.60774064], x9, x8, x8, x8]
Training
	MSE:4672.76
	Rsquared:0.228
Test:
	MSE:3655.815
	Rsquared:0.221
21.686001300811768