generations_elite-fitness_number-of-evaluations_time
0_26597.486_512_0.10355615615844727
1_5918.191_1024_0.8582174777984619
2_5909.298_1536_1.246558427810669
3_5909.298_2048_1.9277136325836182
4_5906.017_2560_2.4032115936279297
5_5905.724_3072_2.8826401233673096
6_5905.724_3584_3.435999870300293
7_5904.941_4096_3.878626823425293
8_5904.941_4608_4.320211410522461
9_5904.941_5120_4.768306732177734
10_5898.292_5632_5.280142545700073
11_5898.292_6144_5.721204996109009
12_5798.643_6656_6.17960000038147
13_5798.643_7168_6.754427433013916
14_5714.461_7680_7.303070783615112
15_5585.143_8192_7.918724060058594
16_5585.143_8704_8.656161785125732
17_5578.699_9216_9.403221130371094
18_5449.059_9728_10.450690031051636
19_5449.059_10240_11.640756130218506
20_5441.192_10752_12.955980777740479
21_5396.001_11264_14.539574146270752
22_5115.237_11776_16.399824142456055
23_5106.959_12288_18.611799001693726
24_5069.93_12800_20.7602219581604
Function found (17nodes ):
	[-[-10.33774321   0.01567638  -0.27029797  -1.03662421], -[-1.1942263  -7.8221659  -0.5700805   6.80121807], -[-10.33774321   0.01567638  -0.27029797  -1.03662421], x6, -[-1.1942263  -7.8221659  -0.5700805   6.80121807], -[-10.33774321   0.01567638  -0.27029797  -1.03662421], -[-10.33774321   0.01567638  -0.27029797  -1.03662421], x6, x2, -[-10.33774321   0.01567638  -0.27029797  -1.03662421], x2, x2, x6, x6, -[-10.33774321   0.01567638  -0.27029797  -1.03662421], x6, x2]
Training
	MSE:5069.93
	Rsquared:0.151
Test:
	MSE:3924.596
	Rsquared:0.291
20.760399341583252