generations_elite-fitness_number-of-evaluations_time
0_27388.334_512_0.18051791191101074
1_12385.932_1536_1.3723289966583252
2_12378.572_2560_2.1382803916931152
3_8044.659_3584_3.150574207305908
4_5836.797_4608_4.523900270462036
5_5836.797_5632_5.702746868133545
6_5722.292_6656_7.2117109298706055
7_5722.292_7680_8.736631155014038
8_5212.81_8704_10.286487579345703
9_5212.81_9728_11.949039936065674
10_5076.28_10752_14.01650881767273
11_4997.093_11776_16.72825860977173
12_4829.355_12800_19.77810001373291
13_4546.824_13824_23.57992935180664
Function found (35nodes ):
	[-[ 0.78918523 -1.13779759 -3.75301582  0.4689841 ], -[ 0.78918523 -1.13779759 -3.75301582  0.4689841 ], +[0.03064517 1.29909805 3.38275803 2.44460598], x3, /[-1.08296619 -0.65666132 -0.7729342   0.78452815], /[-0.58740911 -1.34275687 -0.76865923  0.32156089], x5, x8, x3, +[0.03064517 1.29909805 3.38275803 2.44460598], -[ 0.78918523 -1.13779759 -3.75301582  0.4689841 ], -[ 0.78918523 -1.13779759 -3.75301582  0.4689841 ], x3, +[0.03064517 1.29909805 3.38275803 2.44460598], x3, 4.777, +[0.03064517 1.29909805 3.38275803 2.44460598], x3, /[-1.08296619 -0.65666132 -0.7729342   0.78452815], /[-0.58740911 -1.34275687 -0.76865923  0.32156089], x5, x8, x1, /[-1.08296619 -0.65666132 -0.7729342   0.78452815], /[-0.58740911 -1.34275687 -0.76865923  0.32156089], x5, x8, x1, +[0.03064517 1.29909805 3.38275803 2.44460598], x3, /[-1.08296619 -0.65666132 -0.7729342   0.78452815], /[-0.58740911 -1.34275687 -0.76865923  0.32156089], x5, x8, x8]
Training
	MSE:4546.824
	Rsquared:0.226
Test:
	MSE:4980.516
	Rsquared:0.198
23.57992935180664