generations_elite-fitness_number-of-evaluations_time
0_24778.509_512_0.11467456817626953
1_7256.252_1024_0.5245788097381592
2_5826.286_1536_1.3513708114624023
3_5764.397_2048_1.997891902923584
4_5764.397_2560_2.6767385005950928
5_5763.653_3072_3.5656771659851074
6_5750.336_3584_4.366022109985352
7_5749.51_4096_5.3354432582855225
8_5748.13_4608_6.3723437786102295
9_5744.628_5120_7.396811246871948
10_5732.625_5632_8.73970890045166
11_5732.625_6144_10.227764368057251
12_5732.625_6656_11.804803848266602
13_5728.701_7168_13.476691961288452
14_5727.891_7680_15.041426658630371
15_5726.911_8192_16.535231828689575
16_5719.008_8704_18.16982626914978
17_5718.747_9216_20.233033418655396
Function found (31nodes ):
	[+[-0.75937433 -0.35929151  2.059428    0.72323791], +[-0.75937433 -0.35929151  2.059428    0.72323791], -[0.75460539 0.23527888 0.57212504 0.42596996], /[-0.02739909  1.33889602  0.43118423  0.23979633], x6, x6, -[0.75460539 0.23527888 0.57212504 0.42596996], x4, +[-0.75937433 -0.35929151  2.059428    0.72323791], -[0.75460539 0.23527888 0.57212504 0.42596996], +[-0.75937433 -0.35929151  2.059428    0.72323791], /[-0.02739909  1.33889602  0.43118423  0.23979633], x9, x6, x6, x8, -[0.75460539 0.23527888 0.57212504 0.42596996], /[-0.02739909  1.33889602  0.43118423  0.23979633], x9, x6, +[-0.75937433 -0.35929151  2.059428    0.72323791], x4, x6, +[-0.75937433 -0.35929151  2.059428    0.72323791], x4, x6, +[-2.96077028  0.51926604  2.06273164  1.60179546], *[ 0.65970537  2.9618466  -2.7470906  -1.1458406 ], x2, 2.469, x8]
Training
	MSE:5718.747
	Rsquared:0.031
Test:
	MSE:5982.994
	Rsquared:-0.03
20.23316240310669