generations_elite-fitness_number-of-evaluations_time
0_22688.304_512_0.11855578422546387
1_7426.851_1536_0.6894285678863525
2_5889.784_2560_1.1098663806915283
3_5848.226_3584_1.5994822978973389
4_5806.383_4608_2.3112735748291016
5_5794.563_5632_3.027343511581421
6_5768.927_6656_3.7250735759735107
7_5575.92_7680_4.462683916091919
8_5569.601_8704_5.121661424636841
9_5561.702_9728_5.974533796310425
10_5457.795_10752_6.690152168273926
11_5457.795_11776_8.109378576278687
12_5446.794_12800_9.200838804244995
13_5433.695_13824_10.16075611114502
14_5411.235_14848_11.043202638626099
15_5401.403_15872_11.862849473953247
16_5338.021_16896_12.86923623085022
17_5338.021_17920_13.712969064712524
18_5263.334_18944_14.566789388656616
19_5263.334_19968_15.48408055305481
20_5215.271_20992_16.52484893798828
21_5192.194_22016_18.3362934589386
22_5160.212_23040_19.677480936050415
23_4628.193_24064_21.227550506591797
Function found (39nodes ):
	[+[ 1.74716515 30.50760199 -0.22104693 31.06034872], +[ 1.62898557 30.71805073 68.58775775 31.27079746], x1, x8, -[  0.15788629  31.4320906    1.15847048 -31.2144278 ], -[ 20.35256554  31.41492219   1.2536878  -31.1972594 ], -[  0.15788629  31.4320906    1.15847048 -31.2144278 ], +[ 1.62898557 30.71805073 68.58775775 31.27079746], x7, x6, +[ 1.62898557 30.71805073 68.58775775 31.27079746], x1, x3, -[  0.15788629  31.4320906    1.15847048 -31.2144278 ], -[ 20.35256554  31.41492219   1.2536878  -31.1972594 ], -[  0.15788629  31.4320906    1.15847048 -31.2144278 ], x1, -[ 20.35256554  31.41492219   1.2536878  -31.1972594 ], -[  0.15788629  31.4320906    1.15847048 -31.2144278 ], +[ 1.62898557 30.71805073 68.58775775 31.27079746], -[  0.15788629  31.4320906    1.15847048 -31.2144278 ], x1, +[ 1.62898557 30.71805073 68.58775775 31.27079746], x1, x3, x6, +[ 1.62898557 30.71805073 68.58775775 31.27079746], x1, x3, x1, -[ 20.35256554  31.41492219   1.2536878  -31.1972594 ], -[  0.15788629  31.4320906    1.15847048 -31.2144278 ], x1, +[ 1.62898557 30.71805073 68.58775775 31.27079746], x3, x3, x8, x8, x8]
Training
	MSE:4628.193
	Rsquared:0.214
Test:
	MSE:4544.294
	Rsquared:0.273
21.22765803337097