generations_elite-fitness_number-of-evaluations_time
0_22313.775_512_0.12084794044494629
1_5786.066_1024_0.8269455432891846
2_5765.278_1536_1.2871301174163818
3_5754.496_2048_1.8040568828582764
4_5690.969_2560_2.2927396297454834
5_5670.299_3072_2.8139617443084717
6_5622.661_3584_3.473585367202759
7_5583.362_4096_4.232896089553833
8_5513.398_4608_5.226492166519165
9_5513.398_5120_6.321628570556641
10_5375.625_5632_7.389164924621582
11_5375.625_6144_8.673732042312622
12_5345.866_6656_10.120420932769775
13_5202.877_7168_11.792179822921753
14_5202.877_7680_14.006300926208496
15_5165.847_8192_16.575636625289917
16_5081.195_8704_19.6383798122406
17_4973.548_9211_23.164754390716553
Function found (53nodes ):
	[*[  0.39539592 -18.99311323  -1.4338445   -7.35321371], x6, -[0.75460539 0.23527888 0.57212504 0.42596996], +[-0.75937433 -0.35929151  2.059428    0.72323791], x0, -[0.75460539 0.23527888 0.57212504 0.42596996], +[-0.75937433 -0.35929151  2.059428    0.72323791], -[0.75460539 0.23527888 0.57212504 0.42596996], x6, +[-0.75937433 -0.35929151  2.059428    0.72323791], x0, -[0.75460539 0.23527888 0.57212504 0.42596996], +[-0.75937433 -0.35929151  2.059428    0.72323791], x0, x8, -[0.75460539 0.23527888 0.57212504 0.42596996], x6, x2, -[0.75460539 0.23527888 0.57212504 0.42596996], -[0.75460539 0.23527888 0.57212504 0.42596996], -[0.75460539 0.23527888 0.57212504 0.42596996], +[-0.75937433 -0.35929151  2.059428    0.72323791], x0, -[0.75460539 0.23527888 0.57212504 0.42596996], +[-0.75937433 -0.35929151  2.059428    0.72323791], -[0.75460539 0.23527888 0.57212504 0.42596996], x6, +[-0.75937433 -0.35929151  2.059428    0.72323791], x0, -[0.75460539 0.23527888 0.57212504 0.42596996], +[-0.75937433 -0.35929151  2.059428    0.72323791], x0, x8, -[0.75460539 0.23527888 0.57212504 0.42596996], x6, x2, -[0.75460539 0.23527888 0.57212504 0.42596996], -[0.75460539 0.23527888 0.57212504 0.42596996], +[-0.75937433 -0.35929151  2.059428    0.72323791], x0, x8, -[0.75460539 0.23527888 0.57212504 0.42596996], x6, x5, x6, x6, x6, -[0.75460539 0.23527888 0.57212504 0.42596996], x6, x5, x6, x6, x6]
Training
	MSE:4973.548
	Rsquared:0.156
Test:
	MSE:4815.869
	Rsquared:0.23
23.164840698242188