generations_elite-fitness_number-of-evaluations_time
0_5701.192_512_0.89003586769104
1_5184.526_1024_1.9051141738891602
2_5184.526_1536_2.303544521331787
3_5184.526_2048_2.6548099517822266
4_5169.461_2560_3.033783197402954
5_5152.595_3072_3.3331077098846436
6_5152.595_3584_3.6073575019836426
7_5151.271_4096_3.901595115661621
8_5138.468_4608_4.234997749328613
9_5138.468_5120_4.776279926300049
10_5125.78_5632_5.348724126815796
11_5119.197_6144_6.051095485687256
12_5104.627_6656_6.698361396789551
13_5097.565_7168_7.335148096084595
14_5094.341_7680_8.091400623321533
15_4990.859_8192_8.926726818084717
16_4990.859_8704_9.894673109054565
17_4624.475_9216_11.245492696762085
18_4624.475_9728_12.871776819229126
19_3765.276_10240_15.058895111083984
20_3449.122_10752_17.89576268196106
21_3327.027_11259_21.60599708557129
Function found (75nodes ):
	[+[157.70371122  74.28658258   6.03877983  75.36911201], x8, +[-0.75937433 -0.35929151  2.059428    0.72323791], -[0.75460539 0.23527888 0.57212504 0.42596996], x5, x8, +[-0.75937433 -0.35929151  2.059428    0.72323791], -[0.75460539 0.23527888 0.57212504 0.42596996], +[-0.75937433 -0.35929151  2.059428    0.72323791], -[0.75460539 0.23527888 0.57212504 0.42596996], x5, x8, +[-0.75937433 -0.35929151  2.059428    0.72323791], +[-0.75937433 -0.35929151  2.059428    0.72323791], x6, x7, -[0.75460539 0.23527888 0.57212504 0.42596996], +[-0.75937433 -0.35929151  2.059428    0.72323791], +[-0.75937433 -0.35929151  2.059428    0.72323791], x6, +[-0.75937433 -0.35929151  2.059428    0.72323791], +[-0.75937433 -0.35929151  2.059428    0.72323791], -[0.75460539 0.23527888 0.57212504 0.42596996], x5, x6, x6, x7, +[-0.75937433 -0.35929151  2.059428    0.72323791], +[-0.75937433 -0.35929151  2.059428    0.72323791], x6, x7, -[0.75460539 0.23527888 0.57212504 0.42596996], +[-0.75937433 -0.35929151  2.059428    0.72323791], x2, +[-0.75937433 -0.35929151  2.059428    0.72323791], +[-0.75937433 -0.35929151  2.059428    0.72323791], x6, +[-0.75937433 -0.35929151  2.059428    0.72323791], -[0.75460539 0.23527888 0.57212504 0.42596996], +[-0.75937433 -0.35929151  2.059428    0.72323791], +[-0.75937433 -0.35929151  2.059428    0.72323791], -[0.75460539 0.23527888 0.57212504 0.42596996], +[-0.75937433 -0.35929151  2.059428    0.72323791], -[0.75460539 0.23527888 0.57212504 0.42596996], x5, x6, +[-0.75937433 -0.35929151  2.059428    0.72323791], +[-0.75937433 -0.35929151  2.059428    0.72323791], x6, x7, x7, x8, +[-0.75937433 -0.35929151  2.059428    0.72323791], +[-0.75937433 -0.35929151  2.059428    0.72323791], -[0.75460539 0.23527888 0.57212504 0.42596996], x5, x8, +[-0.75937433 -0.35929151  2.059428    0.72323791], +[-0.75937433 -0.35929151  2.059428    0.72323791], x6, x7, x7, x8, +[-0.75937433 -0.35929151  2.059428    0.72323791], +[-0.75937433 -0.35929151  2.059428    0.72323791], x6, x7, x7, x8, x2, x7, x8, x8, x8, x2]
Training
	MSE:3327.027
	Rsquared:0.423
Test:
	MSE:2882.826
	Rsquared:0.573
21.606116771697998