generations_elite-fitness_number-of-evaluations_time
0_7257.563_512_0.3698863983154297
1_5926.934_1536_0.7544221878051758
2_5806.552_2560_1.3058180809020996
3_5445.823_3584_1.9880857467651367
4_5444.707_4608_2.8487753868103027
5_5273.289_5632_3.6492393016815186
6_5273.289_6656_4.46425461769104
7_5261.684_7680_5.07086443901062
8_5246.432_8704_5.6129066944122314
9_5246.221_9728_6.301472425460815
10_5244.033_10752_6.966866970062256
11_5243.614_11776_7.923274993896484
12_5242.539_12800_9.018678903579712
13_5241.215_13824_10.280559778213501
14_5240.917_14848_11.556672096252441
15_5238.087_15872_12.867547512054443
16_5238.087_16896_14.039578437805176
17_5233.871_17920_15.390479803085327
18_5233.641_18944_16.780914306640625
19_5232.813_19968_18.792776107788086
20_5227.159_20992_22.543760538101196
Function found (75nodes ):
	[-[ 0.15891239  4.16470895 13.82352204 -3.94704615], -[ 0.14875603  6.05176647  1.54031323 -5.83410367], -[ 0.15891239  4.16470895 13.82352204 -3.94704615], x7, *[-2.34185807 -2.59551807  0.10449056  3.85467884], x2, /[ 0.85453529  5.60267666 -0.57989865  2.86481916], -[ 0.14875603  6.05176647  1.54031323 -5.83410367], -[ 0.15891239  4.16470895 13.82352204 -3.94704615], -[ 0.15891239  4.16470895 13.82352204 -3.94704615], x7, *[-2.34185807 -2.59551807  0.10449056  3.85467884], x2, x3, *[-2.34185807 -2.59551807  0.10449056  3.85467884], x2, -[ 0.15891239  4.16470895 13.82352204 -3.94704615], *[-2.34185807 -2.59551807  0.10449056  3.85467884], x7, x3, *[-2.34185807 -2.59551807  0.10449056  3.85467884], x2, /[ 0.85453529  5.60267666 -0.57989865  2.86481916], -[ 0.15891239  4.16470895 13.82352204 -3.94704615], -[ 0.14875603  6.05176647  1.54031323 -5.83410367], -[ 0.15891239  4.16470895 13.82352204 -3.94704615], x7, *[-2.34185807 -2.59551807  0.10449056  3.85467884], x2, /[ 0.85453529  5.60267666 -0.57989865  2.86481916], -[ 0.14875603  6.05176647  1.54031323 -5.83410367], -[ 0.15891239  4.16470895 13.82352204 -3.94704615], -[ 0.15891239  4.16470895 13.82352204 -3.94704615], x7, *[-2.34185807 -2.59551807  0.10449056  3.85467884], x2, x3, *[-2.34185807 -2.59551807  0.10449056  3.85467884], x2, -[ 0.15891239  4.16470895 13.82352204 -3.94704615], -[ 0.14875603  6.05176647  1.54031323 -5.83410367], -[ 0.15891239  4.16470895 13.82352204 -3.94704615], x7, *[-2.34185807 -2.59551807  0.10449056  3.85467884], x2, /[ 0.85453529  5.60267666 -0.57989865  2.86481916], -[ 0.14875603  6.05176647  1.54031323 -5.83410367], -[ 0.15891239  4.16470895 13.82352204 -3.94704615], -[ 0.15891239  4.16470895 13.82352204 -3.94704615], x7, *[-2.34185807 -2.59551807  0.10449056  3.85467884], x2, x3, *[-2.34185807 -2.59551807  0.10449056  3.85467884], x7, x3, x7, x7, x7, *[-2.34185807 -2.59551807  0.10449056  3.85467884], x2, x8, x7, x7, x7, *[-2.34185807 -2.59551807  0.10449056  3.85467884], x2, x8, x2, x7, x7, x7, *[-2.34185807 -2.59551807  0.10449056  3.85467884], x2, x8]
Training
	MSE:5227.159
	Rsquared:0.089
Test:
	MSE:6624.898
	Rsquared:0.112
22.54387140274048