generations_elite-fitness_number-of-evaluations_time
0_6006.172_512_0.9314820766448975
1_5911.473_1536_1.285597324371338
2_5849.724_2560_1.707789421081543
3_5797.966_3584_2.07395601272583
4_5797.966_4608_2.3973302841186523
5_5797.966_5632_2.756371259689331
6_5797.966_6656_3.0473270416259766
7_5777.577_7680_3.343165159225464
8_5777.577_8704_3.644087553024292
9_5765.502_9728_4.0081868171691895
10_5755.58_10752_4.578763961791992
11_5742.717_11776_5.242779970169067
12_5742.717_12800_5.895393371582031
13_5735.004_13824_6.527947187423706
14_5734.105_14848_7.039060831069946
15_5734.1_15872_7.619647741317749
16_5733.976_16896_8.392383575439453
17_5733.03_17920_9.130105018615723
18_5732.766_18944_10.164149284362793
19_5732.572_19968_11.474074602127075
20_5726.776_20992_12.986664772033691
21_5726.196_22016_14.676103353500366
22_5726.195_23040_16.89778161048889
23_5722.908_24064_19.69851803779602
24_5722.908_25088_23.785911798477173
Function found (45nodes ):
	[+[-2.60122565 80.61491356 73.40659559 81.16766029], -[ 0.12964105  1.33814763  1.58733811 -1.12048484], -[ 0.12964105  1.33814763  1.58733811 -1.12048484], -[ 0.12964105  1.33814763  1.58733811 -1.12048484], +[-2.60122565 80.61491356 73.40659559 81.16766029], -[ 0.12964105  1.33814763  1.58733811 -1.12048484], -[ 0.12964105  1.33814763  1.58733811 -1.12048484], -[ 0.12964105  1.33814763  1.58733811 -1.12048484], x2, x2, x2, x2, -[ 0.12964105  1.33814763  1.58733811 -1.12048484], -[ 0.12964105  1.33814763  1.58733811 -1.12048484], x2, x2, x2, -[ 0.12964105  1.33814763  1.58733811 -1.12048484], +[-2.60122565 80.61491356 73.40659559 81.16766029], -[ 0.12964105  1.33814763  1.58733811 -1.12048484], -[ 0.12964105  1.33814763  1.58733811 -1.12048484], x2, -[ 0.12964105  1.33814763  1.58733811 -1.12048484], x2, x2, x2, x2, -[ 0.12964105  1.33814763  1.58733811 -1.12048484], -[ 0.12964105  1.33814763  1.58733811 -1.12048484], +[-2.60122565 80.61491356 73.40659559 81.16766029], -[ 0.12964105  1.33814763  1.58733811 -1.12048484], x2, x2, -[ 0.12964105  1.33814763  1.58733811 -1.12048484], -[ 0.12964105  1.33814763  1.58733811 -1.12048484], -[ 0.12964105  1.33814763  1.58733811 -1.12048484], x8, x8, x2, x2, x2, x2, x8, x2, x2]
Training
	MSE:5722.908
	Rsquared:0.056
Test:
	MSE:4506.131
	Rsquared:0.04
23.78603482246399