generations_elite-fitness_number-of-evaluations_time
0_25047.893_512_0.11281824111938477
1_5900.689_1024_0.7785038948059082
2_5883.744_1536_1.2464878559112549
3_5883.744_2048_1.8370797634124756
4_5883.744_2560_2.252732753753662
5_5883.744_3072_2.6639304161071777
6_5883.744_3584_2.9918015003204346
7_5883.744_4096_3.3133580684661865
8_5883.744_4608_3.6339714527130127
9_5883.744_5120_3.9569857120513916
10_5883.744_5632_4.27632212638855
11_5883.744_6144_4.668079376220703
12_5883.744_6656_4.99008584022522
13_5883.744_7168_5.310679197311401
14_5883.744_7680_5.629365921020508
15_5883.744_8192_5.951262712478638
16_5883.744_8704_6.266215085983276
17_5883.744_9216_6.68000864982605
18_5883.744_9728_7.000021457672119
19_5883.744_10240_7.320754528045654
20_5883.744_10752_7.642522573471069
21_5883.067_11264_7.963168621063232
22_5878.783_11776_8.300856351852417
23_5878.783_12288_8.749109029769897
24_5848.605_12800_9.188887357711792
25_5794.563_13312_9.760754108428955
26_5794.563_13824_10.486297845840454
27_5687.948_14336_11.234827518463135
28_5542.503_14848_12.23150634765625
29_5283.08_15360_13.476632356643677
30_4498.544_15872_14.946389436721802
31_4071.842_16384_16.72051763534546
32_3623.745_16896_19.187119007110596
33_3612.217_17408_22.019089698791504
Function found (39nodes ):
	[*[  0.51076297 -19.83226475  -1.54274397  -7.52459405], +[-0.75937433 -0.35929151  2.059428    0.72323791], x2, -[0.75460539 0.23527888 0.57212504 0.42596996], +[-0.75937433 -0.35929151  2.059428    0.72323791], x2, +[-0.75937433 -0.35929151  2.059428    0.72323791], x9, -[0.75460539 0.23527888 0.57212504 0.42596996], -[0.75460539 0.23527888 0.57212504 0.42596996], +[-0.75937433 -0.35929151  2.059428    0.72323791], x2, +[-0.75937433 -0.35929151  2.059428    0.72323791], x9, -[0.75460539 0.23527888 0.57212504 0.42596996], +[-0.75937433 -0.35929151  2.059428    0.72323791], -[0.75460539 0.23527888 0.57212504 0.42596996], x6, x2, -[0.75460539 0.23527888 0.57212504 0.42596996], +[-0.75937433 -0.35929151  2.059428    0.72323791], x9, -[0.75460539 0.23527888 0.57212504 0.42596996], +[-0.75937433 -0.35929151  2.059428    0.72323791], x9, -[0.75460539 0.23527888 0.57212504 0.42596996], +[-0.75937433 -0.35929151  2.059428    0.72323791], x9, -[0.75460539 0.23527888 0.57212504 0.42596996], x6, x2, x2, x2, x2, x2, x2, x2, x2, x2]
Training
	MSE:3612.217
	Rsquared:0.399
Test:
	MSE:3735.849
	Rsquared:0.26
22.01920771598816