generations_elite-fitness_number-of-evaluations_time
0_6239.5_512_0.35236668586730957
1_6070.746_1024_0.6799418926239014
2_6070.746_1536_1.0320613384246826
3_5903.391_2048_1.469465732574463
4_5877.315_2560_2.0698089599609375
5_5837.47_3072_2.6886239051818848
6_5805.521_3584_3.379124879837036
7_5772.202_4096_4.258931875228882
8_5769.303_4608_5.427016496658325
9_5759.182_5120_6.861945152282715
10_5753.018_5632_8.535181522369385
11_5751.617_6144_10.186339378356934
12_5750.466_6656_11.74617624282837
13_5748.066_7168_13.317246198654175
14_5699.223_7680_14.665403604507446
15_5699.223_8192_15.809308290481567
16_5549.409_8704_17.184159755706787
17_5549.409_9216_19.257745504379272
18_5453.123_9728_22.784742832183838
Function found (77nodes ):
	[+[ 0.04708743 29.53641564  0.1326853  30.13047908], +[ 0.34750735 29.68810746 80.948211   30.2821709 ], x8, x2, +[  0.40971166  29.48087429 -29.7566522   30.07493773], +[ 0.04708743 29.53641564  0.1326853  30.13047908], +[ 0.34750735 29.68810746 80.948211   30.2821709 ], x8, 0.317, +[  0.40971166  29.48087429 -29.7566522   30.07493773], -[ -0.64516197  28.85357831  -0.59374195 -29.87452614], x2, /[-111.21406671  150.66917378   12.38691491  400.72941214], *[ -0.72352449  16.20718299  -1.45504573 -52.00660449], /[ 0.41472526 -0.67452118 -1.34367701  0.21388442], -[ -1.03073353  28.92536496  40.81383816 -29.9463128 ], +[ 0.74101011 29.5364423   0.13256877 30.13050574], +[ 0.64920506 29.57255467 18.97953762 30.16661811], +[  0.40971166  29.48087429 -29.7566522   30.07493773], +[ 0.04708743 29.53641564  0.1326853  30.13047908], +[ 0.34750735 29.68810746 80.948211   30.2821709 ], x8, 0.317, +[  0.40971166  29.48087429 -29.7566522   30.07493773], -[ -0.64516197  28.85357831  -0.59374195 -29.87452614], x2, /[-111.21406671  150.66917378   12.38691491  400.72941214], *[ -0.72352449  16.20718299  -1.45504573 -52.00660449], /[ 0.41472526 -0.67452118 -1.34367701  0.21388442], -[ -1.03073353  28.92536496  40.81383816 -29.9463128 ], +[ 0.74101011 29.5364423   0.13256877 30.13050574], +[ 0.64920506 29.57255467 18.97953762 30.16661811], +[ 0.64920506 29.57255467 18.97953762 30.16661811], x3, 0.637, 0.637, x6, -1.343, x7, 3.684, x0, +[ 0.1975353  -9.21068774 -7.5536318  -8.6166243 ], x2, x8, +[ 0.1975353  -9.21068774 -7.5536318  -8.6166243 ], x2, x8, 0.637, x6, -1.343, x7, 3.684, x0, +[ 0.1975353  -9.21068774 -7.5536318  -8.6166243 ], +[ 0.74101011 29.5364423   0.13256877 30.13050574], +[ 0.64920506 29.57255467 18.97953762 30.16661811], +[ 0.64920506 29.57255467 18.97953762 30.16661811], x3, 0.637, 0.637, +[ 0.04708743 29.53641564  0.1326853  30.13047908], +[ 0.34750735 29.68810746 80.948211   30.2821709 ], +[  0.40971166  29.48087429 -29.7566522   30.07493773], x5, +[ 0.1975353  -9.21068774 -7.5536318  -8.6166243 ], x2, x8, x2, +[  0.40971166  29.48087429 -29.7566522   30.07493773], x5, +[ 0.1975353  -9.21068774 -7.5536318  -8.6166243 ], x2, x8, x8, +[ 0.1975353  -9.21068774 -7.5536318  -8.6166243 ], x2, x8]
Training
	MSE:5453.123
	Rsquared:0.075
Test:
	MSE:5352.925
	Rsquared:0.095
22.784916400909424