generations_elite-fitness_number-of-evaluations_time
0_5800.72_512_0.4714832305908203
1_5771.725_1024_1.2618656158447266
2_5771.725_1536_1.6382172107696533
3_5688.617_2048_2.7365808486938477
4_5662.66_2560_3.042224645614624
5_5577.786_3072_3.953167676925659
6_5577.404_3584_4.491124629974365
7_5577.078_4096_5.049700498580933
8_5576.495_4608_5.641285181045532
9_5574.492_5120_6.43765115737915
10_5537.804_5632_7.28326940536499
11_5536.763_6144_8.305206775665283
12_5535.893_6656_9.144176244735718
13_5521.735_7168_10.209450483322144
14_5521.636_7680_11.332860946655273
15_5521.317_8192_12.572326183319092
16_5489.81_8704_14.19534158706665
17_5489.547_9216_16.28191328048706
18_5438.62_9728_18.54867148399353
19_5339.245_10240_21.434473037719727
Function found (43nodes ):
	[-[ 56.0509373   74.41737501   7.23125699 -75.43832284], x2, /[  0.15972807  -2.41369994  47.62167161 -19.06352148], -[ 54.08511272  71.94373719   7.27395924 -72.96468502], x2, /[  0.15972807  -2.41369994  47.62167161 -19.06352148], -[ 56.0509373   74.41737501   7.23125699 -75.43832284], x2, /[  0.15972807  -2.41369994  47.62167161 -19.06352148], -[ 54.08511272  71.94373719   7.27395924 -72.96468502], -[ 56.0509373   74.41737501   7.23125699 -75.43832284], x2, /[  0.15972807  -2.41369994  47.62167161 -19.06352148], -[ 56.0509373   74.41737501   7.23125699 -75.43832284], x2, /[  0.88775463   0.42442293  47.55786882 -19.40313341], -[ 56.0509373   74.41737501   7.23125699 -75.43832284], -[ 56.0509373   74.41737501   7.23125699 -75.43832284], x2, /[  0.15972807  -2.41369994  47.62167161 -19.06352148], -[ 56.0509373   74.41737501   7.23125699 -75.43832284], x2, /[  0.15972807  -2.41369994  47.62167161 -19.06352148], -[ 56.0509373   74.41737501   7.23125699 -75.43832284], -[ 54.08511272  71.94373719   7.27395924 -72.96468502], x2, /[  0.05799449  -2.54189319  47.61604742 -19.0613081 ], x2, -2.541, /[  0.15972807  -2.41369994  47.62167161 -19.06352148], x2, -2.541, x2, x2, -2.541, x2, x2, /[  0.05799449  -2.54189319  47.61604742 -19.0613081 ], x2, -2.541, x2, x2, x2]
Training
	MSE:5339.245
	Rsquared:0.08
Test:
	MSE:5891.035
	Rsquared:0.117
21.43467140197754