generations_elite-fitness_number-of-evaluations_time
0_6099.066_512_0.7807517051696777
1_6098.745_1024_1.1986737251281738
2_5847.168_1536_1.8375167846679688
3_5847.168_2048_2.323289155960083
4_5847.168_2560_2.814204454421997
5_5733.464_3072_3.46494722366333
6_5731.619_3584_4.088766574859619
7_5717.386_4096_4.7282795906066895
8_5686.51_4608_5.493401050567627
9_5686.51_5120_6.225820779800415
10_5682.348_5632_7.111948728561401
11_5675.544_6144_7.953912734985352
12_5675.518_6656_8.915731430053711
13_5663.037_7168_9.894331932067871
14_5663.037_7680_10.804624080657959
15_5623.844_8192_11.83126425743103
16_5619.84_8704_13.040575981140137
17_5610.68_9216_14.621147155761719
18_5606.891_9728_16.50283455848694
19_5593.442_10240_18.773337364196777
20_5433.991_10752_21.159745931625366
Function found (37nodes ):
	[*[ -0.28983743 -14.68759438  -0.75617737  -4.45092128], x9, +[-6.87489154  2.43532425 -0.26942844  3.02938769], -[-1.04710175 -0.67787859 -0.27688478 -0.34306924], -[-1.04710175 -0.67787859 -0.27688478 -0.34306924], -[-1.04710175 -0.67787859 -0.27688478 -0.34306924], x2, x6, x8, -[-1.04710175 -0.67787859 -0.27688478 -0.34306924], x2, -[-1.04710175 -0.67787859 -0.27688478 -0.34306924], x8, x6, -[-1.04710175 -0.67787859 -0.27688478 -0.34306924], x2, +[-6.87489154  2.43532425 -0.26942844  3.02938769], -[-1.04710175 -0.67787859 -0.27688478 -0.34306924], -[-1.04710175 -0.67787859 -0.27688478 -0.34306924], x8, x6, -[-1.04710175 -0.67787859 -0.27688478 -0.34306924], x8, x5, -[-1.04710175 -0.67787859 -0.27688478 -0.34306924], +[-6.87489154  2.43532425 -0.26942844  3.02938769], -[-1.04710175 -0.67787859 -0.27688478 -0.34306924], -[-1.04710175 -0.67787859 -0.27688478 -0.34306924], x8, x6, -[-1.04710175 -0.67787859 -0.27688478 -0.34306924], x8, x5, -[-1.04710175 -0.67787859 -0.27688478 -0.34306924], x8, x9, x9]
Training
	MSE:5433.991
	Rsquared:0.112
Test:
	MSE:3954.164
	Rsquared:0.027
21.15991759300232