generations_elite-fitness_number-of-evaluations_time
0_6443.715_512_0.2728002071380615
1_6098.259_1024_0.6413052082061768
2_5990.974_1536_1.194526195526123
3_5945.74_2048_1.7218174934387207
4_5945.74_2560_2.297633647918701
5_5945.74_3072_3.0021140575408936
6_5940.136_3584_3.747375249862671
7_5940.136_4096_4.588321924209595
8_5928.283_4608_5.364099979400635
9_5927.819_5120_6.262425184249878
10_5920.918_5632_7.079902172088623
11_5920.446_6144_8.028728723526001
12_5914.896_6656_8.965883016586304
13_5909.328_7168_9.83242130279541
14_5909.328_7680_10.830917119979858
15_5905.662_8192_11.780873775482178
16_5905.662_8704_12.901222705841064
17_5905.53_9216_14.0053870677948
18_5905.095_9728_15.184432983398438
19_5904.964_10240_16.283775091171265
20_5904.129_10752_17.523682355880737
21_5903.978_11264_18.889738082885742
22_5902.768_11776_20.39009737968445
Function found (23nodes ):
	[/[23.46268018 23.84274412  1.75116541 -4.0215039 ], -[ -0.86176074  38.45106347  -0.4128516  -39.4720113 ], x6, -[ -0.77167004  29.39274449  22.73345833 -30.41369232], +[ 0.32649099  5.29645233 -0.25320543  5.89051577], +[ 0.32649099  5.29645233 -0.25320543  5.89051577], x6, x0, +[ 0.32649099  5.29645233 -0.25320543  5.89051577], -[ -0.77167004  29.39274449  22.73345833 -30.41369232], +[ 0.32649099  5.29645233 -0.25320543  5.89051577], x6, +[ 0.32649099  5.29645233 -0.25320543  5.89051577], +[ 0.32649099  5.29645233 -0.25320543  5.89051577], x6, x0, x0, x6, x0, x6, +[ 0.32649099  5.29645233 -0.25320543  5.89051577], x6, x9]
Training
	MSE:5902.768
	Rsquared:0.013
Test:
	MSE:5427.967
	Rsquared:0.006
20.390246868133545