generations_elite-fitness_number-of-evaluations_time
0_18251.752_4096_2.9800708293914795
1_17533.542_8190_9.547953367233276
2_17533.542_12286_18.011260271072388
3_17533.542_16380_28.06456732749939
Function found (61nodes ):
	[-[-0.23415337 -0.23413696  1.57921282  0.76743473], x2, *[-0.46947439  0.54256004 -0.46341769 -0.46572975], /[ 0.24196227 -1.91328024 -1.72491783 -0.56228753], *[-0.46947439  0.54256004 -0.46341769 -0.46572975], -[-0.23415337 -0.23413696  1.57921282  0.76743473], +[ 0.49671415 -0.1382643   0.64768854  1.52302986], x1, *[-0.46947439  0.54256004 -0.46341769 -0.46572975], x1, +[ 0.49671415 -0.1382643   0.64768854  1.52302986], x8, x1, 4.877, *[-0.46947439  0.54256004 -0.46341769 -0.46572975], +[ 0.49671415 -0.1382643   0.64768854  1.52302986], x5, x3, +[ 0.49671415 -0.1382643   0.64768854  1.52302986], /[ 0.24196227 -1.91328024 -1.72491783 -0.56228753], +[ 0.49671415 -0.1382643   0.64768854  1.52302986], x2, x9, x2, +[ 0.49671415 -0.1382643   0.64768854  1.52302986], x4, x1, *[-0.46947439  0.54256004 -0.46341769 -0.46572975], *[-0.46947439  0.54256004 -0.46341769 -0.46572975], +[ 0.49671415 -0.1382643   0.64768854  1.52302986], -[-0.23415337 -0.23413696  1.57921282  0.76743473], /[ 0.24196227 -1.91328024 -1.72491783 -0.56228753], x4, x7, x3, x4, +[ 0.49671415 -0.1382643   0.64768854  1.52302986], -[-0.23415337 -0.23413696  1.57921282  0.76743473], x2, x5, *[-0.46947439  0.54256004 -0.46341769 -0.46572975], *[-0.46947439  0.54256004 -0.46341769 -0.46572975], x7, x4, /[ 0.24196227 -1.91328024 -1.72491783 -0.56228753], x0, x9, /[ 0.24196227 -1.91328024 -1.72491783 -0.56228753], x5, -[-0.23415337 -0.23413696  1.57921282  0.76743473], *[-0.46947439  0.54256004 -0.46341769 -0.46572975], -[-0.23415337 -0.23413696  1.57921282  0.76743473], x4, x0, -[-0.23415337 -0.23413696  1.57921282  0.76743473], x6, x2, -2.765, /[ 0.24196227 -1.91328024 -1.72491783 -0.56228753], x2, x5]
Training
	MSE:17533.542
	Rsquared:-1.843
Test:
	MSE:16982.564
	Rsquared:-1.984
28.06467318534851