generations_elite-fitness_number-of-evaluations_time
0_22537.71_512_0.18942713737487793
1_22537.71_1024_1.0738134384155273
2_22429.343_1536_1.8908753395080566
3_16689.241_2048_3.0081441402435303
4_12066.567_2560_4.4413557052612305
5_6251.155_3072_6.081756830215454
Function found (31nodes ):
	[/[ 0.24196227 -1.91328024 -1.72491783 -0.56228753], +[ 0.49671415 -0.1382643   0.64768854  1.52302986], -[-0.23415337 -0.23413696  1.57921282  0.76743473], x5, /[ 0.24196227 -1.91328024 -1.72491783 -0.56228753], -[-0.23415337 -0.23413696  1.57921282  0.76743473], +[ 0.49671415 -0.1382643   0.64768854  1.52302986], x5, *[-0.46947439  0.54256004 -0.46341769 -0.46572975], x0, x2, -[-0.23415337 -0.23413696  1.57921282  0.76743473], -[-0.23415337 -0.23413696  1.57921282  0.76743473], -0.641, +[ 0.49671415 -0.1382643   0.64768854  1.52302986], x8, /[ 0.24196227 -1.91328024 -1.72491783 -0.56228753], x7, 2.743, /[ 0.24196227 -1.91328024 -1.72491783 -0.56228753], x8, *[-0.46947439  0.54256004 -0.46341769 -0.46572975], x8, 0.589, *[-0.46947439  0.54256004 -0.46341769 -0.46572975], x7, x4, x9, *[-0.46947439  0.54256004 -0.46341769 -0.46572975], x0, x8]
Training
	MSE:6251.155
	Rsquared:-0.014
Test:
	MSE:6799.626
	Rsquared:-0.195
6.08187198638916