generations_elite-fitness_number-of-evaluations_time
0_27805.546_64_0.03980731964111328
1_27805.434_128_0.10981011390686035
2_27805.434_192_0.19217562675476074
3_26836.617_256_0.3098740577697754
4_26836.617_320_0.4588656425476074
5_26836.617_384_0.6510300636291504
6_26677.972_448_1.102985143661499
7_25879.931_512_1.3786993026733398
8_25879.931_575_1.6796729564666748
9_24899.711_639_1.9937217235565186
10_18479.074_702_2.4121639728546143
11_18479.074_764_2.7119061946868896
12_18479.074_828_2.999946117401123
13_18479.074_892_3.3013436794281006
14_18479.074_956_3.621906280517578
15_18479.074_1020_4.0297691822052
16_18144.166_1084_4.379470586776733
17_18144.166_1147_4.8254618644714355
18_18143.341_1209_5.386343479156494
19_18143.341_1272_5.861131191253662
20_17481.505_1334_6.533129930496216
21_17481.505_1395_7.073148012161255
22_17474.216_1457_7.577510118484497
23_17455.877_1518_8.283722877502441
24_16221.685_1581_8.887420415878296
25_14775.547_1643_9.567039251327515
26_14775.547_1707_10.086965799331665
27_12765.711_1771_10.722631692886353
28_12387.914_1832_11.235119342803955
29_10550.745_1895_11.721433162689209
30_10550.745_1959_12.274919509887695
31_9823.548_2022_12.716954708099365
32_9823.548_2085_13.145102262496948
33_8094.618_2149_13.702743291854858
34_8094.618_2211_14.131466388702393
35_8094.618_2275_14.547288656234741
36_8094.618_2337_15.108201503753662
Function found (75nodes ):
	[/[ 0.24196227 -1.91328024 -1.72491783 -0.56228753], -[-0.23415337 -0.23413696  1.57921282  0.76743473], +[ 0.49671415 -0.1382643   0.64768854  1.52302986], x3, *[-0.46947439  0.54256004 -0.46341769 -0.46572975], x1, x1, +[ 0.49671415 -0.1382643   0.64768854  1.52302986], /[ 0.24196227 -1.91328024 -1.72491783 -0.56228753], x9, /[ 0.24196227 -1.91328024 -1.72491783 -0.56228753], x6, -[-0.23415337 -0.23413696  1.57921282  0.76743473], -[-0.23415337 -0.23413696  1.57921282  0.76743473], /[ 0.24196227 -1.91328024 -1.72491783 -0.56228753], -[-0.23415337 -0.23413696  1.57921282  0.76743473], -[-0.23415337 -0.23413696  1.57921282  0.76743473], /[ 0.24196227 -1.91328024 -1.72491783 -0.56228753], -2.371, x2, x2, +[ 0.49671415 -0.1382643   0.64768854  1.52302986], x1, +[ 0.49671415 -0.1382643   0.64768854  1.52302986], *[-0.46947439  0.54256004 -0.46341769 -0.46572975], x3, x6, x2, x2, x2, +[ 0.49671415 -0.1382643   0.64768854  1.52302986], x1, +[ 0.49671415 -0.1382643   0.64768854  1.52302986], *[-0.46947439  0.54256004 -0.46341769 -0.46572975], x3, x6, x2, /[ 0.24196227 -1.91328024 -1.72491783 -0.56228753], -[-0.23415337 -0.23413696  1.57921282  0.76743473], +[ 0.49671415 -0.1382643   0.64768854  1.52302986], x3, *[-0.46947439  0.54256004 -0.46341769 -0.46572975], x1, x1, +[ 0.49671415 -0.1382643   0.64768854  1.52302986], /[ 0.24196227 -1.91328024 -1.72491783 -0.56228753], x9, /[ 0.24196227 -1.91328024 -1.72491783 -0.56228753], +[ 0.49671415 -0.1382643   0.64768854  1.52302986], -[-0.23415337 -0.23413696  1.57921282  0.76743473], x5, x9, x7, -[-0.23415337 -0.23413696  1.57921282  0.76743473], -[-0.23415337 -0.23413696  1.57921282  0.76743473], /[ 0.24196227 -1.91328024 -1.72491783 -0.56228753], -2.371, x6, x2, +[ 0.49671415 -0.1382643   0.64768854  1.52302986], x1, +[ 0.49671415 -0.1382643   0.64768854  1.52302986], *[-0.46947439  0.54256004 -0.46341769 -0.46572975], x3, x6, x2, /[ 0.24196227 -1.91328024 -1.72491783 -0.56228753], x9, x8, *[-0.46947439  0.54256004 -0.46341769 -0.46572975], x5, x7, *[-0.46947439  0.54256004 -0.46341769 -0.46572975], x5, x7]
Training
	MSE:8094.618
	Rsquared:-0.312
Test:
	MSE:6470.716
	Rsquared:-0.137
15.108319997787476