generations_elite-fitness_number-of-evaluations_time
0_25546.302_256_0.1002802848815918
1_25546.302_512_0.5616395473480225
2_25013.551_768_0.917675256729126
3_22349.744_1024_1.371523380279541
4_19030.942_1280_2.068655490875244
5_19030.942_1536_2.7699131965637207
6_15238.266_1792_3.625854015350342
7_13909.125_2048_4.430980443954468
8_13909.125_2304_5.424603462219238
9_13209.987_2558_6.275053024291992
10_10007.725_2814_7.162106513977051
11_10007.725_3070_7.902672529220581
12_10007.725_3326_8.795605897903442
13_9768.776_3582_9.573114156723022
14_9768.776_3838_10.562976121902466
15_7834.963_4094_11.718101978302002
16_7329.619_4350_12.810123920440674
17_7137.784_4606_14.114388942718506
18_5592.909_4861_15.712284564971924
19_5592.909_5110_17.818066358566284
20_5586.438_5361_19.96368169784546
21_4881.216_5604_22.67405128479004
Function found (63nodes ):
	[/[ 0.24196227 -1.91328024 -1.72491783 -0.56228753], -[-0.23415337 -0.23413696  1.57921282  0.76743473], +[ 0.49671415 -0.1382643   0.64768854  1.52302986], x9, x1, -[-0.23415337 -0.23413696  1.57921282  0.76743473], -[-0.23415337 -0.23413696  1.57921282  0.76743473], +[ 0.49671415 -0.1382643   0.64768854  1.52302986], x8, /[ 0.24196227 -1.91328024 -1.72491783 -0.56228753], -1.423, *[-0.46947439  0.54256004 -0.46341769 -0.46572975], x2, /[ 0.24196227 -1.91328024 -1.72491783 -0.56228753], /[ 0.24196227 -1.91328024 -1.72491783 -0.56228753], +[ 0.49671415 -0.1382643   0.64768854  1.52302986], x1, +[ 0.49671415 -0.1382643   0.64768854  1.52302986], x1, -[-0.23415337 -0.23413696  1.57921282  0.76743473], /[ 0.24196227 -1.91328024 -1.72491783 -0.56228753], x6, x9, x9, x5, /[ 0.24196227 -1.91328024 -1.72491783 -0.56228753], -1.423, x2, /[ 0.24196227 -1.91328024 -1.72491783 -0.56228753], x3, *[-0.46947439  0.54256004 -0.46341769 -0.46572975], x1, /[ 0.24196227 -1.91328024 -1.72491783 -0.56228753], /[ 0.24196227 -1.91328024 -1.72491783 -0.56228753], +[ 0.49671415 -0.1382643   0.64768854  1.52302986], x3, +[ 0.49671415 -0.1382643   0.64768854  1.52302986], x1, x9, x5, /[ 0.24196227 -1.91328024 -1.72491783 -0.56228753], -1.423, x8, -[-0.23415337 -0.23413696  1.57921282  0.76743473], *[-0.46947439  0.54256004 -0.46341769 -0.46572975], x1, *[-0.46947439  0.54256004 -0.46341769 -0.46572975], x9, x7, /[ 0.24196227 -1.91328024 -1.72491783 -0.56228753], +[ 0.49671415 -0.1382643   0.64768854  1.52302986], -[-0.23415337 -0.23413696  1.57921282  0.76743473], x3, x9, *[-0.46947439  0.54256004 -0.46341769 -0.46572975], x0, x4, *[-0.46947439  0.54256004 -0.46341769 -0.46572975], x7, x3, *[-0.46947439  0.54256004 -0.46341769 -0.46572975], x4, x2]
Training
	MSE:4881.216
	Rsquared:0.209
Test:
	MSE:5223.098
	Rsquared:0.082
22.674452781677246