generations_elite-fitness_number-of-evaluations_time
0_18338.323_1024_1.2668914794921875
1_18338.323_2047_2.9297142028808594
2_17501.469_3071_4.910232305526733
3_17501.469_4095_7.705763101577759
Function found (79nodes ):
	[/[ 0.24196227 -1.91328024 -1.72491783 -0.56228753], -[-0.23415337 -0.23413696  1.57921282  0.76743473], +[ 0.49671415 -0.1382643   0.64768854  1.52302986], x2, -[-0.23415337 -0.23413696  1.57921282  0.76743473], -[-0.23415337 -0.23413696  1.57921282  0.76743473], +[ 0.49671415 -0.1382643   0.64768854  1.52302986], 4.786, x6, +[ 0.49671415 -0.1382643   0.64768854  1.52302986], x0, x8, x7, x9, *[-0.46947439  0.54256004 -0.46341769 -0.46572975], *[-0.46947439  0.54256004 -0.46341769 -0.46572975], -[-0.23415337 -0.23413696  1.57921282  0.76743473], *[-0.46947439  0.54256004 -0.46341769 -0.46572975], x2, x7, *[-0.46947439  0.54256004 -0.46341769 -0.46572975], x8, -[-0.23415337 -0.23413696  1.57921282  0.76743473], x7, *[-0.46947439  0.54256004 -0.46341769 -0.46572975], x2, +[ 0.49671415 -0.1382643   0.64768854  1.52302986], x8, x8, +[ 0.49671415 -0.1382643   0.64768854  1.52302986], 2.04, *[-0.46947439  0.54256004 -0.46341769 -0.46572975], *[-0.46947439  0.54256004 -0.46341769 -0.46572975], /[ 0.24196227 -1.91328024 -1.72491783 -0.56228753], *[-0.46947439  0.54256004 -0.46341769 -0.46572975], x7, x3, x5, x0, x2, /[ 0.24196227 -1.91328024 -1.72491783 -0.56228753], +[ 0.49671415 -0.1382643   0.64768854  1.52302986], -[-0.23415337 -0.23413696  1.57921282  0.76743473], *[-0.46947439  0.54256004 -0.46341769 -0.46572975], +[ 0.49671415 -0.1382643   0.64768854  1.52302986], x0, -[-0.23415337 -0.23413696  1.57921282  0.76743473], x7, 1.136, -[-0.23415337 -0.23413696  1.57921282  0.76743473], -3.949, x4, /[ 0.24196227 -1.91328024 -1.72491783 -0.56228753], +[ 0.49671415 -0.1382643   0.64768854  1.52302986], -[-0.23415337 -0.23413696  1.57921282  0.76743473], x9, x2, -[-0.23415337 -0.23413696  1.57921282  0.76743473], x0, x9, *[-0.46947439  0.54256004 -0.46341769 -0.46572975], x9, -[-0.23415337 -0.23413696  1.57921282  0.76743473], x2, x9, *[-0.46947439  0.54256004 -0.46341769 -0.46572975], *[-0.46947439  0.54256004 -0.46341769 -0.46572975], x7, +[ 0.49671415 -0.1382643   0.64768854  1.52302986], x2, x7, +[ 0.49671415 -0.1382643   0.64768854  1.52302986], /[ 0.24196227 -1.91328024 -1.72491783 -0.56228753], x6, x7, *[-0.46947439  0.54256004 -0.46341769 -0.46572975], x1, x2, -3.764]
Training
	MSE:17501.469
	Rsquared:-1.838
Test:
	MSE:17200.358
	Rsquared:-2.022
7.705883026123047