generations_elite-fitness_number-of-evaluations_time
0_27814.11_64_0.038992881774902344
1_27814.11_128_0.13402986526489258
2_27814.11_192_0.25424790382385254
3_27814.11_256_0.40891051292419434
4_27519.22_320_0.590073823928833
5_25125.166_384_0.7675352096557617
6_25125.166_448_0.918886661529541
7_25125.166_512_1.0298588275909424
8_25125.166_576_1.131917953491211
9_25125.166_640_1.2321672439575195
10_25125.166_704_1.3508386611938477
11_25032.183_768_1.50545334815979
12_25032.183_832_1.686872959136963
13_24902.653_896_2.48651123046875
14_24902.653_960_2.743941307067871
15_16842.217_1024_3.0353410243988037
16_16841.894_1088_3.3776726722717285
17_16841.894_1152_3.7448012828826904
18_16841.894_1216_4.244999170303345
19_16133.207_1280_4.709490060806274
20_16133.207_1343_5.226318597793579
Function found (73nodes ):
	[*[-0.46947439  0.54256004 -0.46341769 -0.46572975], /[ 0.24196227 -1.91328024 -1.72491783 -0.56228753], *[-0.46947439  0.54256004 -0.46341769 -0.46572975], /[ 0.24196227 -1.91328024 -1.72491783 -0.56228753], x8, +[ 0.49671415 -0.1382643   0.64768854  1.52302986], +[ 0.49671415 -0.1382643   0.64768854  1.52302986], /[ 0.24196227 -1.91328024 -1.72491783 -0.56228753], x8, x5, /[ 0.24196227 -1.91328024 -1.72491783 -0.56228753], -[-0.23415337 -0.23413696  1.57921282  0.76743473], +[ 0.49671415 -0.1382643   0.64768854  1.52302986], x4, x2, x2, x6, /[ 0.24196227 -1.91328024 -1.72491783 -0.56228753], -[-0.23415337 -0.23413696  1.57921282  0.76743473], +[ 0.49671415 -0.1382643   0.64768854  1.52302986], x4, x2, /[ 0.24196227 -1.91328024 -1.72491783 -0.56228753], x0, x6, x6, /[ 0.24196227 -1.91328024 -1.72491783 -0.56228753], *[-0.46947439  0.54256004 -0.46341769 -0.46572975], x3, x8, *[-0.46947439  0.54256004 -0.46341769 -0.46572975], x8, -[-0.23415337 -0.23413696  1.57921282  0.76743473], x1, x5, *[-0.46947439  0.54256004 -0.46341769 -0.46572975], x5, x0, /[ 0.24196227 -1.91328024 -1.72491783 -0.56228753], *[-0.46947439  0.54256004 -0.46341769 -0.46572975], /[ 0.24196227 -1.91328024 -1.72491783 -0.56228753], x7, +[ 0.49671415 -0.1382643   0.64768854  1.52302986], x0, /[ 0.24196227 -1.91328024 -1.72491783 -0.56228753], x3, x6, /[ 0.24196227 -1.91328024 -1.72491783 -0.56228753], *[-0.46947439  0.54256004 -0.46341769 -0.46572975], x3, -[-0.23415337 -0.23413696  1.57921282  0.76743473], x0, x3, *[-0.46947439  0.54256004 -0.46341769 -0.46572975], x8, /[ 0.24196227 -1.91328024 -1.72491783 -0.56228753], +[ 0.49671415 -0.1382643   0.64768854  1.52302986], -[-0.23415337 -0.23413696  1.57921282  0.76743473], x0, x9, /[ 0.24196227 -1.91328024 -1.72491783 -0.56228753], x3, x6, +[ 0.49671415 -0.1382643   0.64768854  1.52302986], -[-0.23415337 -0.23413696  1.57921282  0.76743473], x5, x9, /[ 0.24196227 -1.91328024 -1.72491783 -0.56228753], x3, x6, *[-0.46947439  0.54256004 -0.46341769 -0.46572975], x5, x0]
Training
	MSE:16133.207
	Rsquared:-1.616
Test:
	MSE:15239.375
	Rsquared:-1.677
5.226445198059082