generations_elite-fitness_number-of-evaluations_time
0_26552.858_64_0.021374225616455078
1_26552.858_128_0.06826019287109375
2_25567.909_192_0.14534521102905273
3_21018.896_256_0.263927698135376
4_20890.37_320_0.44207334518432617
5_19248.946_384_0.8602499961853027
6_9241.447_448_1.2200238704681396
7_9205.775_512_1.6824090480804443
8_6211.715_574_2.4022819995880127
9_6193.787_635_3.100287675857544
10_6179.046_689_4.037021160125732
11_6177.753_744_5.009218454360962
12_6084.365_796_5.823488235473633
13_6084.365_848_6.825961589813232
14_6032.217_900_7.8114118576049805
15_6008.871_954_8.818029403686523
16_6008.871_1007_9.687502384185791
17_6008.871_1051_10.731300592422485
18_5993.495_1104_11.838190793991089
19_5993.495_1152_12.966922044754028
20_5980.105_1202_14.044864416122437
21_5980.105_1245_15.005700826644897
Function found (99nodes ):
	[-[-0.23415337 -0.23413696  1.57921282  0.76743473], +[ 0.49671415 -0.1382643   0.64768854  1.52302986], x9, x3, -[-0.23415337 -0.23413696  1.57921282  0.76743473], x4, +[ 0.49671415 -0.1382643   0.64768854  1.52302986], +[ 0.49671415 -0.1382643   0.64768854  1.52302986], /[ 0.24196227 -1.91328024 -1.72491783 -0.56228753], x1, +[ 0.49671415 -0.1382643   0.64768854  1.52302986], x9, x3, +[ 0.49671415 -0.1382643   0.64768854  1.52302986], 4.682, /[ 0.24196227 -1.91328024 -1.72491783 -0.56228753], x3, x6, -[-0.23415337 -0.23413696  1.57921282  0.76743473], +[ 0.49671415 -0.1382643   0.64768854  1.52302986], x9, x3, -[-0.23415337 -0.23413696  1.57921282  0.76743473], -[-0.23415337 -0.23413696  1.57921282  0.76743473], +[ 0.49671415 -0.1382643   0.64768854  1.52302986], x9, x3, -[-0.23415337 -0.23413696  1.57921282  0.76743473], x4, +[ 0.49671415 -0.1382643   0.64768854  1.52302986], -[-0.23415337 -0.23413696  1.57921282  0.76743473], x8, -3.573, x1, +[ 0.49671415 -0.1382643   0.64768854  1.52302986], -[-0.23415337 -0.23413696  1.57921282  0.76743473], +[ 0.49671415 -0.1382643   0.64768854  1.52302986], x9, x3, -[-0.23415337 -0.23413696  1.57921282  0.76743473], x4, +[ 0.49671415 -0.1382643   0.64768854  1.52302986], -[-0.23415337 -0.23413696  1.57921282  0.76743473], +[ 0.49671415 -0.1382643   0.64768854  1.52302986], x9, x3, -[-0.23415337 -0.23413696  1.57921282  0.76743473], +[ 0.49671415 -0.1382643   0.64768854  1.52302986], -[-0.23415337 -0.23413696  1.57921282  0.76743473], x8, -3.573, x1, -[-0.23415337 -0.23413696  1.57921282  0.76743473], +[ 0.49671415 -0.1382643   0.64768854  1.52302986], x9, -3.573, -[-0.23415337 -0.23413696  1.57921282  0.76743473], +[ 0.49671415 -0.1382643   0.64768854  1.52302986], /[ 0.24196227 -1.91328024 -1.72491783 -0.56228753], x1, x9, +[ 0.49671415 -0.1382643   0.64768854  1.52302986], 4.682, /[ 0.24196227 -1.91328024 -1.72491783 -0.56228753], x3, x6, +[ 0.49671415 -0.1382643   0.64768854  1.52302986], /[ 0.24196227 -1.91328024 -1.72491783 -0.56228753], x3, x6, x1, -[-0.23415337 -0.23413696  1.57921282  0.76743473], -3.573, -[-0.23415337 -0.23413696  1.57921282  0.76743473], -[-0.23415337 -0.23413696  1.57921282  0.76743473], +[ 0.49671415 -0.1382643   0.64768854  1.52302986], x9, x3, -[-0.23415337 -0.23413696  1.57921282  0.76743473], +[ 0.49671415 -0.1382643   0.64768854  1.52302986], /[ 0.24196227 -1.91328024 -1.72491783 -0.56228753], x1, x9, +[ 0.49671415 -0.1382643   0.64768854  1.52302986], 4.682, /[ 0.24196227 -1.91328024 -1.72491783 -0.56228753], x3, x6, +[ 0.49671415 -0.1382643   0.64768854  1.52302986], -[-0.23415337 -0.23413696  1.57921282  0.76743473], x8, -3.573, x1, +[ 0.49671415 -0.1382643   0.64768854  1.52302986], -[-0.23415337 -0.23413696  1.57921282  0.76743473], x8, -3.573, x1, x1]
Training
	MSE:5980.105
	Rsquared:0.03
Test:
	MSE:5512.034
	Rsquared:0.032
15.005812168121338