generations_elite-fitness_number-of-evaluations_time
0_24633.39_1024_0.22891640663146973
1_24633.39_2048_1.0390770435333252
2_24633.39_3072_1.7865362167358398
3_19809.823_4096_2.7531254291534424
4_14788.531_5120_3.7418391704559326
5_14181.099_6144_4.974187850952148
6_12516.087_7168_6.312852382659912
7_10435.35_8192_7.915537595748901
8_10242.991_9216_9.723639965057373
9_5523.572_10240_11.852131843566895
10_5523.572_11264_14.583155632019043
11_5523.572_12288_17.660056352615356
12_5487.119_13312_21.19648051261902
Function found (27nodes ):
	[/[ 0.24196227 -1.91328024 -1.72491783 -0.56228753], -[-0.23415337 -0.23413696  1.57921282  0.76743473], +[ 0.49671415 -0.1382643   0.64768854  1.52302986], x8, -4.606, /[ 0.24196227 -1.91328024 -1.72491783 -0.56228753], +[ 0.49671415 -0.1382643   0.64768854  1.52302986], -[-0.23415337 -0.23413696  1.57921282  0.76743473], x1, +[ 0.49671415 -0.1382643   0.64768854  1.52302986], /[ 0.24196227 -1.91328024 -1.72491783 -0.56228753], -4.589, *[-0.46947439  0.54256004 -0.46341769 -0.46572975], x8, x0, /[ 0.24196227 -1.91328024 -1.72491783 -0.56228753], -0.688, *[-0.46947439  0.54256004 -0.46341769 -0.46572975], x5, x8, x9, *[-0.46947439  0.54256004 -0.46341769 -0.46572975], x1, x2, *[-0.46947439  0.54256004 -0.46341769 -0.46572975], x5, x1]
Training
	MSE:5487.119
	Rsquared:0.11
Test:
	MSE:5199.685
	Rsquared:0.086
21.196606636047363