generations_elite-fitness_number-of-evaluations_time
0_26733.247_64_0.034380197525024414
1_26733.247_128_0.13273334503173828
2_26733.247_192_0.328754186630249
3_25571.04_256_0.5838727951049805
4_25212.404_320_0.8478198051452637
5_24970.614_384_1.1685864925384521
6_24970.614_448_1.7387006282806396
7_24918.123_507_2.4092581272125244
8_24918.123_566_3.2218821048736572
9_23971.544_627_4.1055214405059814
10_23971.544_686_4.843257665634155
11_23961.695_746_5.695899963378906
12_23961.541_809_6.438953876495361
13_23961.541_871_7.283110618591309
14_23961.541_930_7.989721298217773
15_23961.541_990_8.91012167930603
16_23961.541_1048_9.790415525436401
17_23955.178_1111_10.495361089706421
18_23845.917_1169_11.347338199615479
19_23845.917_1231_12.048817873001099
20_23832.435_1292_12.95020580291748
21_23832.435_1350_13.863069295883179
22_23478.189_1411_14.583781242370605
23_23478.189_1472_15.387231349945068
24_23478.189_1533_16.01452898979187
25_23478.189_1594_16.764801502227783
26_23478.189_1657_17.389727115631104
27_23478.189_1720_18.107062816619873
28_23478.189_1782_18.72682023048401
29_23478.189_1844_19.456655740737915
30_23316.598_1907_20.0683376789093
Function found (75nodes ):
	[+[ 0.49671415 -0.1382643   0.64768854  1.52302986], /[ 0.24196227 -1.91328024 -1.72491783 -0.56228753], x0, /[ 0.24196227 -1.91328024 -1.72491783 -0.56228753], /[ 0.24196227 -1.91328024 -1.72491783 -0.56228753], x7, x0, +[ 0.49671415 -0.1382643   0.64768854  1.52302986], +[ 0.49671415 -0.1382643   0.64768854  1.52302986], -[-0.23415337 -0.23413696  1.57921282  0.76743473], x1, /[ 0.24196227 -1.91328024 -1.72491783 -0.56228753], +[ 0.49671415 -0.1382643   0.64768854  1.52302986], x4, x1, /[ 0.24196227 -1.91328024 -1.72491783 -0.56228753], -0.121, 4.036, x1, -[-0.23415337 -0.23413696  1.57921282  0.76743473], -0.121, /[ 0.24196227 -1.91328024 -1.72491783 -0.56228753], x1, x8, /[ 0.24196227 -1.91328024 -1.72491783 -0.56228753], x4, /[ 0.24196227 -1.91328024 -1.72491783 -0.56228753], /[ 0.24196227 -1.91328024 -1.72491783 -0.56228753], x7, x0, +[ 0.49671415 -0.1382643   0.64768854  1.52302986], +[ 0.49671415 -0.1382643   0.64768854  1.52302986], -[-0.23415337 -0.23413696  1.57921282  0.76743473], x1, /[ 0.24196227 -1.91328024 -1.72491783 -0.56228753], +[ 0.49671415 -0.1382643   0.64768854  1.52302986], /[ 0.24196227 -1.91328024 -1.72491783 -0.56228753], x4, x8, x1, /[ 0.24196227 -1.91328024 -1.72491783 -0.56228753], -0.121, 4.036, x1, -[-0.23415337 -0.23413696  1.57921282  0.76743473], +[ 0.49671415 -0.1382643   0.64768854  1.52302986], +[ 0.49671415 -0.1382643   0.64768854  1.52302986], x5, /[ 0.24196227 -1.91328024 -1.72491783 -0.56228753], /[ 0.24196227 -1.91328024 -1.72491783 -0.56228753], x7, x0, +[ 0.49671415 -0.1382643   0.64768854  1.52302986], +[ 0.49671415 -0.1382643   0.64768854  1.52302986], -[-0.23415337 -0.23413696  1.57921282  0.76743473], x1, /[ 0.24196227 -1.91328024 -1.72491783 -0.56228753], +[ 0.49671415 -0.1382643   0.64768854  1.52302986], x4, x1, /[ 0.24196227 -1.91328024 -1.72491783 -0.56228753], -0.121, 4.036, x1, -[-0.23415337 -0.23413696  1.57921282  0.76743473], x6, /[ 0.24196227 -1.91328024 -1.72491783 -0.56228753], x4, x8, -[-0.23415337 -0.23413696  1.57921282  0.76743473], x8, x8, /[ 0.24196227 -1.91328024 -1.72491783 -0.56228753], x4, x8]
Training
	MSE:23316.598
	Rsquared:-2.78
Test:
	MSE:27075.73
	Rsquared:-3.757
20.068475246429443