generations_elite-fitness_number-of-evaluations_time
0_18338.323_2048_1.8827648162841797
1_18338.323_4096_4.881310224533081
2_15452.244_6143_8.624261140823364
3_15452.244_8190_13.26047420501709
4_15452.244_10238_19.02703619003296
5_15445.083_12284_25.471235990524292
Function found (71nodes ):
	[/[ 0.24196227 -1.91328024 -1.72491783 -0.56228753], -[-0.23415337 -0.23413696  1.57921282  0.76743473], +[ 0.49671415 -0.1382643   0.64768854  1.52302986], x2, -[-0.23415337 -0.23413696  1.57921282  0.76743473], -[-0.23415337 -0.23413696  1.57921282  0.76743473], +[ 0.49671415 -0.1382643   0.64768854  1.52302986], 4.786, x6, +[ 0.49671415 -0.1382643   0.64768854  1.52302986], x0, x8, x7, x9, *[-0.46947439  0.54256004 -0.46341769 -0.46572975], *[-0.46947439  0.54256004 -0.46341769 -0.46572975], -[-0.23415337 -0.23413696  1.57921282  0.76743473], *[-0.46947439  0.54256004 -0.46341769 -0.46572975], x2, x7, *[-0.46947439  0.54256004 -0.46341769 -0.46572975], x8, -[-0.23415337 -0.23413696  1.57921282  0.76743473], x7, *[-0.46947439  0.54256004 -0.46341769 -0.46572975], x2, +[ 0.49671415 -0.1382643   0.64768854  1.52302986], x8, x8, +[ 0.49671415 -0.1382643   0.64768854  1.52302986], 2.04, x0, /[ 0.24196227 -1.91328024 -1.72491783 -0.56228753], +[ 0.49671415 -0.1382643   0.64768854  1.52302986], -[-0.23415337 -0.23413696  1.57921282  0.76743473], *[-0.46947439  0.54256004 -0.46341769 -0.46572975], +[ 0.49671415 -0.1382643   0.64768854  1.52302986], x0, -[-0.23415337 -0.23413696  1.57921282  0.76743473], x7, 1.136, -[-0.23415337 -0.23413696  1.57921282  0.76743473], -3.949, x4, /[ 0.24196227 -1.91328024 -1.72491783 -0.56228753], +[ 0.49671415 -0.1382643   0.64768854  1.52302986], -[-0.23415337 -0.23413696  1.57921282  0.76743473], x9, x2, -[-0.23415337 -0.23413696  1.57921282  0.76743473], x0, x9, *[-0.46947439  0.54256004 -0.46341769 -0.46572975], x9, -[-0.23415337 -0.23413696  1.57921282  0.76743473], x2, x9, *[-0.46947439  0.54256004 -0.46341769 -0.46572975], *[-0.46947439  0.54256004 -0.46341769 -0.46572975], x7, +[ 0.49671415 -0.1382643   0.64768854  1.52302986], x2, x7, +[ 0.49671415 -0.1382643   0.64768854  1.52302986], /[ 0.24196227 -1.91328024 -1.72491783 -0.56228753], x6, x7, *[-0.46947439  0.54256004 -0.46341769 -0.46572975], x1, x2, -3.764]
Training
	MSE:15445.083
	Rsquared:-1.504
Test:
	MSE:15147.977
	Rsquared:-1.661
25.471354961395264