generations_elite-fitness_number-of-evaluations_time
0_26938.451_128_0.028321266174316406
1_26938.451_256_0.09982848167419434
2_26938.451_384_0.18239331245422363
3_26938.451_512_0.2862589359283447
4_26938.451_640_0.5396766662597656
5_26938.451_768_0.6807186603546143
6_25855.039_896_0.83321213722229
7_25855.039_1024_0.9793462753295898
8_25855.039_1152_1.1607778072357178
9_25855.039_1280_1.3536972999572754
10_25855.039_1408_1.5680561065673828
11_25855.039_1536_1.82918381690979
12_25855.039_1664_2.236863851547241
13_25855.039_1792_2.554802179336548
14_25855.039_1920_2.927788496017456
15_25855.039_2048_3.3156588077545166
16_25855.039_2176_3.89750599861145
17_25855.039_2304_4.4472880363464355
18_25855.039_2432_5.004339694976807
19_25855.039_2560_5.715204477310181
20_25855.039_2688_6.347496032714844
21_25855.039_2816_7.236338138580322
22_20954.777_2940_8.226035118103027
23_20954.777_3066_9.180736303329468
24_20954.777_3187_10.333952188491821
25_20954.777_3309_11.670797109603882
26_20954.777_3422_13.058011293411255
27_20954.777_3538_14.538477897644043
28_20954.777_3653_16.048174619674683
Function found (59nodes ):
	[/[ 0.24196227 -1.91328024 -1.72491783 -0.56228753], -[-0.23415337 -0.23413696  1.57921282  0.76743473], +[ 0.49671415 -0.1382643   0.64768854  1.52302986], /[ 0.24196227 -1.91328024 -1.72491783 -0.56228753], x9, x4, +[ 0.49671415 -0.1382643   0.64768854  1.52302986], 4.16, x6, /[ 0.24196227 -1.91328024 -1.72491783 -0.56228753], -[-0.23415337 -0.23413696  1.57921282  0.76743473], x1, +[ 0.49671415 -0.1382643   0.64768854  1.52302986], /[ 0.24196227 -1.91328024 -1.72491783 -0.56228753], x9, x4, /[ 0.24196227 -1.91328024 -1.72491783 -0.56228753], x0, x9, x2, *[-0.46947439  0.54256004 -0.46341769 -0.46572975], /[ 0.24196227 -1.91328024 -1.72491783 -0.56228753], /[ 0.24196227 -1.91328024 -1.72491783 -0.56228753], +[ 0.49671415 -0.1382643   0.64768854  1.52302986], -[-0.23415337 -0.23413696  1.57921282  0.76743473], x1, +[ 0.49671415 -0.1382643   0.64768854  1.52302986], /[ 0.24196227 -1.91328024 -1.72491783 -0.56228753], /[ 0.24196227 -1.91328024 -1.72491783 -0.56228753], -[-0.23415337 -0.23413696  1.57921282  0.76743473], x1, +[ 0.49671415 -0.1382643   0.64768854  1.52302986], /[ 0.24196227 -1.91328024 -1.72491783 -0.56228753], x9, x4, +[ 0.49671415 -0.1382643   0.64768854  1.52302986], +[ 0.49671415 -0.1382643   0.64768854  1.52302986], *[-0.46947439  0.54256004 -0.46341769 -0.46572975], /[ 0.24196227 -1.91328024 -1.72491783 -0.56228753], x6, x1, x2, +[ 0.49671415 -0.1382643   0.64768854  1.52302986], x1, x9, /[ 0.24196227 -1.91328024 -1.72491783 -0.56228753], x9, x2, x6, x4, /[ 0.24196227 -1.91328024 -1.72491783 -0.56228753], x6, x6, -3.672, x4, /[ 0.24196227 -1.91328024 -1.72491783 -0.56228753], x9, x4, x2]
Training
	MSE:20954.777
	Rsquared:-2.397
Test:
	MSE:20543.221
	Rsquared:-2.609
16.048304796218872