generations_elite-fitness_number-of-evaluations_time
0_23945.986_2048_1.2504546642303467
1_23945.986_4094_4.078260183334351
2_18396.331_6141_7.367262363433838
3_18396.331_8188_11.586951971054077
4_18396.331_10236_16.323160886764526
Function found (93nodes ):
	[+[ 0.49671415 -0.1382643   0.64768854  1.52302986], x5, *[-0.46947439  0.54256004 -0.46341769 -0.46572975], /[ 0.24196227 -1.91328024 -1.72491783 -0.56228753], *[-0.46947439  0.54256004 -0.46341769 -0.46572975], x7, 4.11, /[ 0.24196227 -1.91328024 -1.72491783 -0.56228753], x3, -[-0.23415337 -0.23413696  1.57921282  0.76743473], +[ 0.49671415 -0.1382643   0.64768854  1.52302986], -[-0.23415337 -0.23413696  1.57921282  0.76743473], x6, x9, *[-0.46947439  0.54256004 -0.46341769 -0.46572975], x0, x5, /[ 0.24196227 -1.91328024 -1.72491783 -0.56228753], +[ 0.49671415 -0.1382643   0.64768854  1.52302986], x4, -[-0.23415337 -0.23413696  1.57921282  0.76743473], x8, x6, x4, -[-0.23415337 -0.23413696  1.57921282  0.76743473], x2, -[-0.23415337 -0.23413696  1.57921282  0.76743473], /[ 0.24196227 -1.91328024 -1.72491783 -0.56228753], /[ 0.24196227 -1.91328024 -1.72491783 -0.56228753], *[-0.46947439  0.54256004 -0.46341769 -0.46572975], +[ 0.49671415 -0.1382643   0.64768854  1.52302986], x0, x4, +[ 0.49671415 -0.1382643   0.64768854  1.52302986], -2.184, x3, /[ 0.24196227 -1.91328024 -1.72491783 -0.56228753], -[-0.23415337 -0.23413696  1.57921282  0.76743473], x4, x1, x5, x0, -[-0.23415337 -0.23413696  1.57921282  0.76743473], -[-0.23415337 -0.23413696  1.57921282  0.76743473], +[ 0.49671415 -0.1382643   0.64768854  1.52302986], x2, /[ 0.24196227 -1.91328024 -1.72491783 -0.56228753], *[-0.46947439  0.54256004 -0.46341769 -0.46572975], x1, -[-0.23415337 -0.23413696  1.57921282  0.76743473], -[-0.23415337 -0.23413696  1.57921282  0.76743473], /[ 0.24196227 -1.91328024 -1.72491783 -0.56228753], x9, x2, 0.468, /[ 0.24196227 -1.91328024 -1.72491783 -0.56228753], +[ 0.49671415 -0.1382643   0.64768854  1.52302986], x9, x6, 4.131, *[-0.46947439  0.54256004 -0.46341769 -0.46572975], x2, +[ 0.49671415 -0.1382643   0.64768854  1.52302986], x9, /[ 0.24196227 -1.91328024 -1.72491783 -0.56228753], -[-0.23415337 -0.23413696  1.57921282  0.76743473], x7, x2, *[-0.46947439  0.54256004 -0.46341769 -0.46572975], x6, x0, +[ 0.49671415 -0.1382643   0.64768854  1.52302986], +[ 0.49671415 -0.1382643   0.64768854  1.52302986], -[-0.23415337 -0.23413696  1.57921282  0.76743473], +[ 0.49671415 -0.1382643   0.64768854  1.52302986], /[ 0.24196227 -1.91328024 -1.72491783 -0.56228753], +[ 0.49671415 -0.1382643   0.64768854  1.52302986], x2, x3, +[ 0.49671415 -0.1382643   0.64768854  1.52302986], x4, x6, /[ 0.24196227 -1.91328024 -1.72491783 -0.56228753], x5, x1, x9, x0, -0.034, -[-0.23415337 -0.23413696  1.57921282  0.76743473], *[-0.46947439  0.54256004 -0.46341769 -0.46572975], x2, x3, 4.168]
Training
	MSE:18396.331
	Rsquared:-1.983
Test:
	MSE:17899.642
	Rsquared:-2.145
16.32327938079834