generations_elite-fitness_number-of-evaluations_time
0_18338.323_1024_0.6540098190307617
1_17707.823_2048_2.8513059616088867
2_14722.046_3070_5.346655607223511
3_14722.046_4092_8.444130182266235
4_14722.046_5114_11.980923891067505
5_14722.046_6135_15.926522970199585
6_12883.18_7156_20.255508422851562
Function found (87nodes ):
	[/[ 0.24196227 -1.91328024 -1.72491783 -0.56228753], -[-0.23415337 -0.23413696  1.57921282  0.76743473], +[ 0.49671415 -0.1382643   0.64768854  1.52302986], x2, -[-0.23415337 -0.23413696  1.57921282  0.76743473], -[-0.23415337 -0.23413696  1.57921282  0.76743473], +[ 0.49671415 -0.1382643   0.64768854  1.52302986], 4.786, x6, +[ 0.49671415 -0.1382643   0.64768854  1.52302986], x0, x8, x5, *[-0.46947439  0.54256004 -0.46341769 -0.46572975], 3.185, +[ 0.49671415 -0.1382643   0.64768854  1.52302986], /[ 0.24196227 -1.91328024 -1.72491783 -0.56228753], x1, x4, 4.998, *[-0.46947439  0.54256004 -0.46341769 -0.46572975], *[-0.46947439  0.54256004 -0.46341769 -0.46572975], -[-0.23415337 -0.23413696  1.57921282  0.76743473], *[-0.46947439  0.54256004 -0.46341769 -0.46572975], x2, x7, *[-0.46947439  0.54256004 -0.46341769 -0.46572975], x8, -[-0.23415337 -0.23413696  1.57921282  0.76743473], x7, *[-0.46947439  0.54256004 -0.46341769 -0.46572975], x2, +[ 0.49671415 -0.1382643   0.64768854  1.52302986], x8, x8, +[ 0.49671415 -0.1382643   0.64768854  1.52302986], 2.04, *[-0.46947439  0.54256004 -0.46341769 -0.46572975], *[-0.46947439  0.54256004 -0.46341769 -0.46572975], /[ 0.24196227 -1.91328024 -1.72491783 -0.56228753], /[ 0.24196227 -1.91328024 -1.72491783 -0.56228753], x8, +[ 0.49671415 -0.1382643   0.64768854  1.52302986], x4, x1, x5, x0, x2, /[ 0.24196227 -1.91328024 -1.72491783 -0.56228753], +[ 0.49671415 -0.1382643   0.64768854  1.52302986], -[-0.23415337 -0.23413696  1.57921282  0.76743473], *[-0.46947439  0.54256004 -0.46341769 -0.46572975], +[ 0.49671415 -0.1382643   0.64768854  1.52302986], x0, -[-0.23415337 -0.23413696  1.57921282  0.76743473], x7, 1.136, -[-0.23415337 -0.23413696  1.57921282  0.76743473], -3.949, x4, /[ 0.24196227 -1.91328024 -1.72491783 -0.56228753], +[ 0.49671415 -0.1382643   0.64768854  1.52302986], -[-0.23415337 -0.23413696  1.57921282  0.76743473], x9, x2, -[-0.23415337 -0.23413696  1.57921282  0.76743473], x0, x9, *[-0.46947439  0.54256004 -0.46341769 -0.46572975], x9, -[-0.23415337 -0.23413696  1.57921282  0.76743473], x2, x9, *[-0.46947439  0.54256004 -0.46341769 -0.46572975], *[-0.46947439  0.54256004 -0.46341769 -0.46572975], x7, +[ 0.49671415 -0.1382643   0.64768854  1.52302986], x2, x7, +[ 0.49671415 -0.1382643   0.64768854  1.52302986], /[ 0.24196227 -1.91328024 -1.72491783 -0.56228753], x6, x7, *[-0.46947439  0.54256004 -0.46341769 -0.46572975], x1, x2, -3.764]
Training
	MSE:12883.18
	Rsquared:-1.089
Test:
	MSE:12647.774
	Rsquared:-1.222
20.255615234375