generations_elite-fitness_number-of-evaluations_time
0_26498.648_64_0.02487492561340332
1_26498.648_128_0.09309124946594238
2_26470.768_192_0.19116997718811035
3_25260.747_256_0.32313084602355957
4_25260.747_320_0.49663376808166504
5_19601.42_384_0.669788122177124
6_19601.226_448_0.9582130908966064
7_19318.414_512_1.1180737018585205
8_14338.066_576_1.3056221008300781
9_14252.965_640_1.5284075736999512
10_11267.209_704_1.7882695198059082
11_8294.01_768_2.0949532985687256
12_8294.01_832_2.50596022605896
13_8294.01_896_2.8815672397613525
14_8294.01_960_3.3123323917388916
15_6720.991_1024_3.869710683822632
16_6717.756_1087_4.375993490219116
17_6706.234_1146_4.982601642608643
18_6613.215_1196_5.825936317443848
19_6501.828_1254_6.72231125831604
20_6475.996_1304_7.62106728553772
21_6473.101_1352_8.694763898849487
22_6040.496_1396_9.771991968154907
23_6040.496_1444_10.831164360046387
24_6040.496_1493_11.899554252624512
25_5528.019_1541_12.831899642944336
26_5528.019_1587_13.916366577148438
27_5502.422_1633_15.044476985931396
28_5502.422_1677_16.1559157371521
29_5502.332_1724_17.284025192260742
30_5393.867_1780_18.2113676071167
31_5393.867_1826_19.266392469406128
32_5393.867_1867_20.340036630630493
Function found (89nodes ):
	[-[-0.23415337 -0.23413696  1.57921282  0.76743473], -[-0.23415337 -0.23413696  1.57921282  0.76743473], +[ 0.49671415 -0.1382643   0.64768854  1.52302986], x3, x7, /[ 0.24196227 -1.91328024 -1.72491783 -0.56228753], -[-0.23415337 -0.23413696  1.57921282  0.76743473], +[ 0.49671415 -0.1382643   0.64768854  1.52302986], +[ 0.49671415 -0.1382643   0.64768854  1.52302986], -[-0.23415337 -0.23413696  1.57921282  0.76743473], -[-0.23415337 -0.23413696  1.57921282  0.76743473], -[-0.23415337 -0.23413696  1.57921282  0.76743473], +[ 0.49671415 -0.1382643   0.64768854  1.52302986], x3, x7, /[ 0.24196227 -1.91328024 -1.72491783 -0.56228753], x2, 3.48, 1.577, -[-0.23415337 -0.23413696  1.57921282  0.76743473], +[ 0.49671415 -0.1382643   0.64768854  1.52302986], -[-0.23415337 -0.23413696  1.57921282  0.76743473], -[-0.23415337 -0.23413696  1.57921282  0.76743473], x3, x1, x1, x5, /[ 0.24196227 -1.91328024 -1.72491783 -0.56228753], x3, *[-0.46947439  0.54256004 -0.46341769 -0.46572975], x1, x1, x5, x5, x2, *[-0.46947439  0.54256004 -0.46341769 -0.46572975], x1, x1, -[-0.23415337 -0.23413696  1.57921282  0.76743473], +[ 0.49671415 -0.1382643   0.64768854  1.52302986], -[-0.23415337 -0.23413696  1.57921282  0.76743473], x3, x1, x5, -[-0.23415337 -0.23413696  1.57921282  0.76743473], -[-0.23415337 -0.23413696  1.57921282  0.76743473], -[-0.23415337 -0.23413696  1.57921282  0.76743473], +[ 0.49671415 -0.1382643   0.64768854  1.52302986], x3, x7, /[ 0.24196227 -1.91328024 -1.72491783 -0.56228753], x2, 3.48, 1.577, -[-0.23415337 -0.23413696  1.57921282  0.76743473], +[ 0.49671415 -0.1382643   0.64768854  1.52302986], x3, x7, /[ 0.24196227 -1.91328024 -1.72491783 -0.56228753], -[-0.23415337 -0.23413696  1.57921282  0.76743473], +[ 0.49671415 -0.1382643   0.64768854  1.52302986], +[ 0.49671415 -0.1382643   0.64768854  1.52302986], -[-0.23415337 -0.23413696  1.57921282  0.76743473], -[-0.23415337 -0.23413696  1.57921282  0.76743473], -[-0.23415337 -0.23413696  1.57921282  0.76743473], +[ 0.49671415 -0.1382643   0.64768854  1.52302986], x3, x7, /[ 0.24196227 -1.91328024 -1.72491783 -0.56228753], x2, 3.48, 1.577, -[-0.23415337 -0.23413696  1.57921282  0.76743473], +[ 0.49671415 -0.1382643   0.64768854  1.52302986], -[-0.23415337 -0.23413696  1.57921282  0.76743473], x3, x1, x5, /[ 0.24196227 -1.91328024 -1.72491783 -0.56228753], x3, *[-0.46947439  0.54256004 -0.46341769 -0.46572975], x9, x7, x5, x5, x2, *[-0.46947439  0.54256004 -0.46341769 -0.46572975], x1, x3]
Training
	MSE:5393.867
	Rsquared:0.125
Test:
	MSE:5062.311
	Rsquared:0.111
20.340152263641357