generations_elite-fitness_number-of-evaluations_time
0_24893.339_256_0.1727008819580078
1_24893.339_511_0.6998999118804932
2_21882.513_767_1.6059415340423584
3_21007.15_1023_2.504274368286133
4_19064.43_1279_3.8269762992858887
5_15293.229_1535_5.43067193031311
6_13391.894_1790_7.534853935241699
7_7980.472_2039_9.702149391174316
8_7899.181_2275_12.554340600967407
9_7834.968_2503_15.581884384155273
Function found (43nodes ):
	[-[-0.23415337 -0.23413696  1.57921282  0.76743473], x5, -[-0.23415337 -0.23413696  1.57921282  0.76743473], x4, -[-0.23415337 -0.23413696  1.57921282  0.76743473], x5, -[-0.23415337 -0.23413696  1.57921282  0.76743473], x4, +[ 0.49671415 -0.1382643   0.64768854  1.52302986], /[ 0.24196227 -1.91328024 -1.72491783 -0.56228753], x1, /[ 0.24196227 -1.91328024 -1.72491783 -0.56228753], +[ 0.49671415 -0.1382643   0.64768854  1.52302986], +[ 0.49671415 -0.1382643   0.64768854  1.52302986], +[ 0.49671415 -0.1382643   0.64768854  1.52302986], /[ 0.24196227 -1.91328024 -1.72491783 -0.56228753], +[ 0.49671415 -0.1382643   0.64768854  1.52302986], x7, x2, *[-0.46947439  0.54256004 -0.46341769 -0.46572975], x2, x0, 0.216, x4, +[ 0.49671415 -0.1382643   0.64768854  1.52302986], -[-0.23415337 -0.23413696  1.57921282  0.76743473], +[ 0.49671415 -0.1382643   0.64768854  1.52302986], x5, -[-0.23415337 -0.23413696  1.57921282  0.76743473], -2.762, -0.29, x6, x8, -2.091, +[ 0.49671415 -0.1382643   0.64768854  1.52302986], +[ 0.49671415 -0.1382643   0.64768854  1.52302986], -[-0.23415337 -0.23413696  1.57921282  0.76743473], x2, -4.237, x4, +[ 0.49671415 -0.1382643   0.64768854  1.52302986], x0, x8]
Training
	MSE:7834.968
	Rsquared:-0.27
Test:
	MSE:8755.214
	Rsquared:-0.538
15.58200216293335