generations_elite-fitness_number-of-evaluations_time
0_25091.807_512_0.3335762023925781
1_25091.807_1022_1.2599453926086426
2_25091.807_1529_2.2704262733459473
3_25091.807_2040_3.4650728702545166
4_24655.883_2551_5.508139371871948
5_9399.097_3063_8.166914463043213
6_9399.097_3572_10.38639521598816
7_9399.097_4084_12.904922723770142
8_9399.097_4592_16.004868507385254
Function found (95nodes ):
	[-[-0.23415337 -0.23413696  1.57921282  0.76743473], /[ 0.24196227 -1.91328024 -1.72491783 -0.56228753], x9, /[ 0.24196227 -1.91328024 -1.72491783 -0.56228753], +[ 0.49671415 -0.1382643   0.64768854  1.52302986], /[ 0.24196227 -1.91328024 -1.72491783 -0.56228753], *[-0.46947439  0.54256004 -0.46341769 -0.46572975], -[-0.23415337 -0.23413696  1.57921282  0.76743473], -[-0.23415337 -0.23413696  1.57921282  0.76743473], x6, x0, /[ 0.24196227 -1.91328024 -1.72491783 -0.56228753], x8, x0, x2, x3, x7, x4, -[-0.23415337 -0.23413696  1.57921282  0.76743473], 3.061, -[-0.23415337 -0.23413696  1.57921282  0.76743473], +[ 0.49671415 -0.1382643   0.64768854  1.52302986], x0, /[ 0.24196227 -1.91328024 -1.72491783 -0.56228753], x0, x7, -[-0.23415337 -0.23413696  1.57921282  0.76743473], +[ 0.49671415 -0.1382643   0.64768854  1.52302986], x2, -[-0.23415337 -0.23413696  1.57921282  0.76743473], *[-0.46947439  0.54256004 -0.46341769 -0.46572975], x9, -3.562, x9, -[-0.23415337 -0.23413696  1.57921282  0.76743473], +[ 0.49671415 -0.1382643   0.64768854  1.52302986], +[ 0.49671415 -0.1382643   0.64768854  1.52302986], -[-0.23415337 -0.23413696  1.57921282  0.76743473], x9, x9, *[-0.46947439  0.54256004 -0.46341769 -0.46572975], x7, x1, /[ 0.24196227 -1.91328024 -1.72491783 -0.56228753], x1, x8, -[-0.23415337 -0.23413696  1.57921282  0.76743473], +[ 0.49671415 -0.1382643   0.64768854  1.52302986], /[ 0.24196227 -1.91328024 -1.72491783 -0.56228753], x7, x8, +[ 0.49671415 -0.1382643   0.64768854  1.52302986], x5, x6, /[ 0.24196227 -1.91328024 -1.72491783 -0.56228753], -[-0.23415337 -0.23413696  1.57921282  0.76743473], +[ 0.49671415 -0.1382643   0.64768854  1.52302986], x2, *[-0.46947439  0.54256004 -0.46341769 -0.46572975], x1, x6, -[-0.23415337 -0.23413696  1.57921282  0.76743473], /[ 0.24196227 -1.91328024 -1.72491783 -0.56228753], x0, +[ 0.49671415 -0.1382643   0.64768854  1.52302986], *[-0.46947439  0.54256004 -0.46341769 -0.46572975], x3, +[ 0.49671415 -0.1382643   0.64768854  1.52302986], x9, +[ 0.49671415 -0.1382643   0.64768854  1.52302986], x1, x3, x4, /[ 0.24196227 -1.91328024 -1.72491783 -0.56228753], +[ 0.49671415 -0.1382643   0.64768854  1.52302986], -[-0.23415337 -0.23413696  1.57921282  0.76743473], *[-0.46947439  0.54256004 -0.46341769 -0.46572975], x1, x7, /[ 0.24196227 -1.91328024 -1.72491783 -0.56228753], x3, x4, +[ 0.49671415 -0.1382643   0.64768854  1.52302986], x4, *[-0.46947439  0.54256004 -0.46341769 -0.46572975], x7, +[ 0.49671415 -0.1382643   0.64768854  1.52302986], x0, x6, /[ 0.24196227 -1.91328024 -1.72491783 -0.56228753], x8, x2, *[-0.46947439  0.54256004 -0.46341769 -0.46572975], x9, x4]
Training
	MSE:9399.097
	Rsquared:-0.524
Test:
	MSE:9381.397
	Rsquared:-0.648
16.005179166793823