generations_elite-fitness_number-of-evaluations_time
0_24874.355_256_0.16726040840148926
1_24874.355_512_0.5891146659851074
2_24853.777_768_1.1883761882781982
3_24644.599_1024_2.167590379714966
4_24644.599_1280_2.912038564682007
5_23859.163_1536_4.0319507122039795
6_23311.338_1792_5.192789554595947
7_20143.307_2047_6.010449171066284
8_13688.037_2303_6.876574754714966
9_12387.12_2559_7.779767751693726
10_6458.433_2815_9.188234090805054
11_6458.433_3071_10.625124216079712
Function found (45nodes ):
	[/[ 0.24196227 -1.91328024 -1.72491783 -0.56228753], -[-0.23415337 -0.23413696  1.57921282  0.76743473], x1, +[ 0.49671415 -0.1382643   0.64768854  1.52302986], +[ 0.49671415 -0.1382643   0.64768854  1.52302986], -[-0.23415337 -0.23413696  1.57921282  0.76743473], x3, -[-0.23415337 -0.23413696  1.57921282  0.76743473], +[ 0.49671415 -0.1382643   0.64768854  1.52302986], +[ 0.49671415 -0.1382643   0.64768854  1.52302986], x8, /[ 0.24196227 -1.91328024 -1.72491783 -0.56228753], x1, *[-0.46947439  0.54256004 -0.46341769 -0.46572975], x1, x5, -[-0.23415337 -0.23413696  1.57921282  0.76743473], x2, x2, /[ 0.24196227 -1.91328024 -1.72491783 -0.56228753], *[-0.46947439  0.54256004 -0.46341769 -0.46572975], x5, x9, *[-0.46947439  0.54256004 -0.46341769 -0.46572975], x1, x9, x5, -[-0.23415337 -0.23413696  1.57921282  0.76743473], -[-0.23415337 -0.23413696  1.57921282  0.76743473], x1, /[ 0.24196227 -1.91328024 -1.72491783 -0.56228753], x2, x0, -[-0.23415337 -0.23413696  1.57921282  0.76743473], x6, -[-0.23415337 -0.23413696  1.57921282  0.76743473], x8, -[-0.23415337 -0.23413696  1.57921282  0.76743473], x6, -[-0.23415337 -0.23413696  1.57921282  0.76743473], x8, -4.254, *[-0.46947439  0.54256004 -0.46341769 -0.46572975], x1, x9]
Training
	MSE:6458.433
	Rsquared:-0.047
Test:
	MSE:6155.476
	Rsquared:-0.081
10.625239133834839