generations_elite-fitness_number-of-evaluations_time
0_28129.573_64_0.04922842979431152
1_27949.427_128_0.12104678153991699
2_27441.164_192_0.37465524673461914
3_26623.48_256_0.537494421005249
4_25937.297_320_0.7723538875579834
5_22022.806_384_1.0465335845947266
6_20761.433_448_1.3783679008483887
7_10321.587_510_1.868516206741333
8_6007.076_571_2.3528525829315186
9_5984.86_633_2.890415668487549
10_5974.448_690_3.6757192611694336
11_5964.978_749_4.508971214294434
12_5943.895_807_5.353018283843994
Function found (91nodes ):
	[+[ 0.49671415 -0.1382643   0.64768854  1.52302986], x8, -[-0.23415337 -0.23413696  1.57921282  0.76743473], x4, -[-0.23415337 -0.23413696  1.57921282  0.76743473], +[ 0.49671415 -0.1382643   0.64768854  1.52302986], x8, -[-0.23415337 -0.23413696  1.57921282  0.76743473], x4, -[-0.23415337 -0.23413696  1.57921282  0.76743473], *[-0.46947439  0.54256004 -0.46341769 -0.46572975], x4, x4, +[ 0.49671415 -0.1382643   0.64768854  1.52302986], x4, x7, -[-0.23415337 -0.23413696  1.57921282  0.76743473], -[-0.23415337 -0.23413696  1.57921282  0.76743473], +[ 0.49671415 -0.1382643   0.64768854  1.52302986], x4, x7, -[-0.23415337 -0.23413696  1.57921282  0.76743473], x4, -[-0.23415337 -0.23413696  1.57921282  0.76743473], *[-0.46947439  0.54256004 -0.46341769 -0.46572975], x4, x4, +[ 0.49671415 -0.1382643   0.64768854  1.52302986], x4, x7, -[-0.23415337 -0.23413696  1.57921282  0.76743473], +[ 0.49671415 -0.1382643   0.64768854  1.52302986], x4, x7, +[ 0.49671415 -0.1382643   0.64768854  1.52302986], x8, -[-0.23415337 -0.23413696  1.57921282  0.76743473], x4, -[-0.23415337 -0.23413696  1.57921282  0.76743473], +[ 0.49671415 -0.1382643   0.64768854  1.52302986], -[-0.23415337 -0.23413696  1.57921282  0.76743473], x4, -[-0.23415337 -0.23413696  1.57921282  0.76743473], +[ 0.49671415 -0.1382643   0.64768854  1.52302986], x4, x8, -[-0.23415337 -0.23413696  1.57921282  0.76743473], x4, -[-0.23415337 -0.23413696  1.57921282  0.76743473], *[-0.46947439  0.54256004 -0.46341769 -0.46572975], x4, x4, -[-0.23415337 -0.23413696  1.57921282  0.76743473], x4, -[-0.23415337 -0.23413696  1.57921282  0.76743473], +[ 0.49671415 -0.1382643   0.64768854  1.52302986], x4, x7, +[ 0.49671415 -0.1382643   0.64768854  1.52302986], x8, -[-0.23415337 -0.23413696  1.57921282  0.76743473], x4, -[-0.23415337 -0.23413696  1.57921282  0.76743473], *[-0.46947439  0.54256004 -0.46341769 -0.46572975], x4, x4, -[-0.23415337 -0.23413696  1.57921282  0.76743473], x4, -[-0.23415337 -0.23413696  1.57921282  0.76743473], *[-0.46947439  0.54256004 -0.46341769 -0.46572975], x4, x4, +[ 0.49671415 -0.1382643   0.64768854  1.52302986], x4, x7, x7, -[-0.23415337 -0.23413696  1.57921282  0.76743473], x4, -[-0.23415337 -0.23413696  1.57921282  0.76743473], +[ 0.49671415 -0.1382643   0.64768854  1.52302986], x4, x7, -[-0.23415337 -0.23413696  1.57921282  0.76743473], x4, -[-0.23415337 -0.23413696  1.57921282  0.76743473], *[-0.46947439  0.54256004 -0.46341769 -0.46572975], x4, x4, +[ 0.49671415 -0.1382643   0.64768854  1.52302986], x4, x7]
Training
	MSE:5943.895
	Rsquared:0.036
Test:
	MSE:5490.199
	Rsquared:0.035
5.353126049041748