generations_elite-fitness_number-of-evaluations_time
0_18343.907_128_0.036849260330200195
1_18343.907_256_0.27025389671325684
2_18343.907_384_0.42573976516723633
3_18337.652_512_0.6741435527801514
4_17058.614_640_0.9857630729675293
5_8229.566_768_1.3362798690795898
6_7017.388_896_1.81602144241333
7_6416.364_1024_2.305788516998291
8_5977.745_1152_3.0214319229125977
9_5977.745_1279_3.726170063018799
10_5908.437_1405_4.678774833679199
11_5908.437_1530_5.856288433074951
12_5844.481_1654_7.065046787261963
13_5844.481_1775_8.36265254020691
14_5810.572_1899_9.710705518722534
15_5810.572_2022_11.114349365234375
16_5802.691_2148_12.575770378112793
17_5802.691_2273_14.038301706314087
18_5765.063_2395_15.480069398880005
19_5683.333_2519_17.0775089263916
20_5669.657_2635_18.691922187805176
21_5658.403_2758_20.53739023208618
Function found (99nodes ):
	[-[-0.23415337 -0.23413696  1.57921282  0.76743473], +[ 0.49671415 -0.1382643   0.64768854  1.52302986], -[-0.23415337 -0.23413696  1.57921282  0.76743473], -[-0.23415337 -0.23413696  1.57921282  0.76743473], -[-0.23415337 -0.23413696  1.57921282  0.76743473], x3, x8, x3, /[ 0.24196227 -1.91328024 -1.72491783 -0.56228753], x9, x2, x5, -[-0.23415337 -0.23413696  1.57921282  0.76743473], +[ 0.49671415 -0.1382643   0.64768854  1.52302986], -[-0.23415337 -0.23413696  1.57921282  0.76743473], -[-0.23415337 -0.23413696  1.57921282  0.76743473], +[ 0.49671415 -0.1382643   0.64768854  1.52302986], x9, -1.36, /[ 0.24196227 -1.91328024 -1.72491783 -0.56228753], -[-0.23415337 -0.23413696  1.57921282  0.76743473], x3, x8, *[-0.46947439  0.54256004 -0.46341769 -0.46572975], x7, x8, -[-0.23415337 -0.23413696  1.57921282  0.76743473], +[ 0.49671415 -0.1382643   0.64768854  1.52302986], x9, -1.36, /[ 0.24196227 -1.91328024 -1.72491783 -0.56228753], -[-0.23415337 -0.23413696  1.57921282  0.76743473], +[ 0.49671415 -0.1382643   0.64768854  1.52302986], x9, -1.36, /[ 0.24196227 -1.91328024 -1.72491783 -0.56228753], -[-0.23415337 -0.23413696  1.57921282  0.76743473], x3, +[ 0.49671415 -0.1382643   0.64768854  1.52302986], -[-0.23415337 -0.23413696  1.57921282  0.76743473], -[-0.23415337 -0.23413696  1.57921282  0.76743473], -[-0.23415337 -0.23413696  1.57921282  0.76743473], x3, x8, x3, -[-0.23415337 -0.23413696  1.57921282  0.76743473], x3, +[ 0.49671415 -0.1382643   0.64768854  1.52302986], -[-0.23415337 -0.23413696  1.57921282  0.76743473], -[-0.23415337 -0.23413696  1.57921282  0.76743473], -[-0.23415337 -0.23413696  1.57921282  0.76743473], x3, x8, x3, /[ 0.24196227 -1.91328024 -1.72491783 -0.56228753], x9, x2, x2, x2, *[-0.46947439  0.54256004 -0.46341769 -0.46572975], x7, x8, *[-0.46947439  0.54256004 -0.46341769 -0.46572975], x7, x8, /[ 0.24196227 -1.91328024 -1.72491783 -0.56228753], -[-0.23415337 -0.23413696  1.57921282  0.76743473], x3, x8, *[-0.46947439  0.54256004 -0.46341769 -0.46572975], x7, x8, -[-0.23415337 -0.23413696  1.57921282  0.76743473], +[ 0.49671415 -0.1382643   0.64768854  1.52302986], -[-0.23415337 -0.23413696  1.57921282  0.76743473], -[-0.23415337 -0.23413696  1.57921282  0.76743473], x6, x3, /[ 0.24196227 -1.91328024 -1.72491783 -0.56228753], x9, x2, x5, -[-0.23415337 -0.23413696  1.57921282  0.76743473], +[ 0.49671415 -0.1382643   0.64768854  1.52302986], x9, /[ 0.24196227 -1.91328024 -1.72491783 -0.56228753], -[-0.23415337 -0.23413696  1.57921282  0.76743473], x3, x8, *[-0.46947439  0.54256004 -0.46341769 -0.46572975], x7, x8, /[ 0.24196227 -1.91328024 -1.72491783 -0.56228753], -[-0.23415337 -0.23413696  1.57921282  0.76743473], x3, x8, *[-0.46947439  0.54256004 -0.46341769 -0.46572975], x8, x8]
Training
	MSE:5658.403
	Rsquared:0.083
Test:
	MSE:5088.408
	Rsquared:0.106
20.537500858306885