generations_elite-fitness_number-of-evaluations_time
0_25323.871_256_0.09755706787109375
1_25323.871_512_0.3652043342590332
2_25137.484_768_0.7420799732208252
3_20592.969_1024_1.1996853351593018
4_20027.027_1280_1.8633155822753906
5_11257.902_1536_2.4113123416900635
6_8387.591_1792_3.363638401031494
7_6039.793_2048_4.525520324707031
8_6039.793_2304_6.052069187164307
9_6007.904_2556_8.111050128936768
10_6004.325_2790_10.88753628730774
11_5048.664_3023_13.817620038986206
12_4868.197_3234_16.934494733810425
13_4868.197_3463_19.925330638885498
14_4867.71_3684_22.963480472564697
Function found (69nodes ):
	[/[ 0.24196227 -1.91328024 -1.72491783 -0.56228753], -[-0.23415337 -0.23413696  1.57921282  0.76743473], +[ 0.49671415 -0.1382643   0.64768854  1.52302986], x6, x6, +[ 0.49671415 -0.1382643   0.64768854  1.52302986], x6, -[-0.23415337 -0.23413696  1.57921282  0.76743473], -[-0.23415337 -0.23413696  1.57921282  0.76743473], x9, x2, -[-0.23415337 -0.23413696  1.57921282  0.76743473], /[ 0.24196227 -1.91328024 -1.72491783 -0.56228753], x1, x6, +[ 0.49671415 -0.1382643   0.64768854  1.52302986], /[ 0.24196227 -1.91328024 -1.72491783 -0.56228753], +[ 0.49671415 -0.1382643   0.64768854  1.52302986], +[ 0.49671415 -0.1382643   0.64768854  1.52302986], +[ 0.49671415 -0.1382643   0.64768854  1.52302986], x9, /[ 0.24196227 -1.91328024 -1.72491783 -0.56228753], +[ 0.49671415 -0.1382643   0.64768854  1.52302986], -[-0.23415337 -0.23413696  1.57921282  0.76743473], x9, +[ 0.49671415 -0.1382643   0.64768854  1.52302986], x3, x0, x2, -0.26, x2, +[ 0.49671415 -0.1382643   0.64768854  1.52302986], -[-0.23415337 -0.23413696  1.57921282  0.76743473], +[ 0.49671415 -0.1382643   0.64768854  1.52302986], x9, x5, -[-0.23415337 -0.23413696  1.57921282  0.76743473], +[ 0.49671415 -0.1382643   0.64768854  1.52302986], x6, -[-0.23415337 -0.23413696  1.57921282  0.76743473], x4, x8, -[-0.23415337 -0.23413696  1.57921282  0.76743473], *[-0.46947439  0.54256004 -0.46341769 -0.46572975], +[ 0.49671415 -0.1382643   0.64768854  1.52302986], x5, x6, +[ 0.49671415 -0.1382643   0.64768854  1.52302986], x6, x2, /[ 0.24196227 -1.91328024 -1.72491783 -0.56228753], +[ 0.49671415 -0.1382643   0.64768854  1.52302986], -[-0.23415337 -0.23413696  1.57921282  0.76743473], +[ 0.49671415 -0.1382643   0.64768854  1.52302986], x6, x8, +[ 0.49671415 -0.1382643   0.64768854  1.52302986], +[ 0.49671415 -0.1382643   0.64768854  1.52302986], x9, x3, x0, x8, -0.26, x1, -0.26, x3, *[-0.46947439  0.54256004 -0.46341769 -0.46572975], x6, x8]
Training
	MSE:4867.71
	Rsquared:0.211
Test:
	MSE:3834.909
	Rsquared:0.326
22.963591814041138