generations_elite-fitness_number-of-evaluations_time
0_22760.545_1024_0.36647725105285645
1_22504.599_2048_1.7453017234802246
2_21978.875_3072_3.212212085723877
3_21012.312_4096_5.091277360916138
4_10444.115_5120_7.639122486114502
5_10444.115_6144_10.108972311019897
6_6755.843_7168_12.967289447784424
7_6753.415_8192_15.789796352386475
8_6752.022_9216_19.073441982269287
9_6345.451_10240_23.882173776626587
Function found (47nodes ):
	[/[ 0.24196227 -1.91328024 -1.72491783 -0.56228753], -[-0.23415337 -0.23413696  1.57921282  0.76743473], x6, /[ 0.24196227 -1.91328024 -1.72491783 -0.56228753], +[ 0.49671415 -0.1382643   0.64768854  1.52302986], -[-0.23415337 -0.23413696  1.57921282  0.76743473], /[ 0.24196227 -1.91328024 -1.72491783 -0.56228753], x4, x4, *[-0.46947439  0.54256004 -0.46341769 -0.46572975], 4.985, x5, -[-0.23415337 -0.23413696  1.57921282  0.76743473], x6, /[ 0.24196227 -1.91328024 -1.72491783 -0.56228753], -[-0.23415337 -0.23413696  1.57921282  0.76743473], +[ 0.49671415 -0.1382643   0.64768854  1.52302986], x7, +[ 0.49671415 -0.1382643   0.64768854  1.52302986], -[-0.23415337 -0.23413696  1.57921282  0.76743473], /[ 0.24196227 -1.91328024 -1.72491783 -0.56228753], x4, x4, *[-0.46947439  0.54256004 -0.46341769 -0.46572975], x3, x5, -[-0.23415337 -0.23413696  1.57921282  0.76743473], x6, x0, /[ 0.24196227 -1.91328024 -1.72491783 -0.56228753], x5, x1, *[-0.46947439  0.54256004 -0.46341769 -0.46572975], x3, x7, *[-0.46947439  0.54256004 -0.46341769 -0.46572975], x5, x8, *[-0.46947439  0.54256004 -0.46341769 -0.46572975], *[-0.46947439  0.54256004 -0.46341769 -0.46572975], +[ 0.49671415 -0.1382643   0.64768854  1.52302986], x3, x1, /[ 0.24196227 -1.91328024 -1.72491783 -0.56228753], x5, x1, x9]
Training
	MSE:6345.451
	Rsquared:-0.029
Test:
	MSE:5656.258
	Rsquared:0.006
23.882285833358765