generations_elite-fitness_number-of-evaluations_time
0_24390.375_4096_2.6603915691375732
1_19595.11_8190_8.98039698600769
2_17850.712_12284_17.345817804336548
Function found (69nodes ):
	[-[-0.23415337 -0.23413696  1.57921282  0.76743473], x2, -[-0.23415337 -0.23413696  1.57921282  0.76743473], -[-0.23415337 -0.23413696  1.57921282  0.76743473], +[ 0.49671415 -0.1382643   0.64768854  1.52302986], x6, x9, x4, +[ 0.49671415 -0.1382643   0.64768854  1.52302986], x0, /[ 0.24196227 -1.91328024 -1.72491783 -0.56228753], x2, *[-0.46947439  0.54256004 -0.46341769 -0.46572975], /[ 0.24196227 -1.91328024 -1.72491783 -0.56228753], x0, -[-0.23415337 -0.23413696  1.57921282  0.76743473], +[ 0.49671415 -0.1382643   0.64768854  1.52302986], -[-0.23415337 -0.23413696  1.57921282  0.76743473], x5, x8, -[-0.23415337 -0.23413696  1.57921282  0.76743473], x3, -[-0.23415337 -0.23413696  1.57921282  0.76743473], *[-0.46947439  0.54256004 -0.46341769 -0.46572975], x3, *[-0.46947439  0.54256004 -0.46341769 -0.46572975], x8, -0.321, /[ 0.24196227 -1.91328024 -1.72491783 -0.56228753], *[-0.46947439  0.54256004 -0.46341769 -0.46572975], *[-0.46947439  0.54256004 -0.46341769 -0.46572975], -2.943, x6, x6, /[ 0.24196227 -1.91328024 -1.72491783 -0.56228753], x5, x0, -[-0.23415337 -0.23413696  1.57921282  0.76743473], x9, -[-0.23415337 -0.23413696  1.57921282  0.76743473], +[ 0.49671415 -0.1382643   0.64768854  1.52302986], +[ 0.49671415 -0.1382643   0.64768854  1.52302986], +[ 0.49671415 -0.1382643   0.64768854  1.52302986], *[-0.46947439  0.54256004 -0.46341769 -0.46572975], 2.508, x9, *[-0.46947439  0.54256004 -0.46341769 -0.46572975], x2, x2, x1, -[-0.23415337 -0.23413696  1.57921282  0.76743473], /[ 0.24196227 -1.91328024 -1.72491783 -0.56228753], 3.406, x1, /[ 0.24196227 -1.91328024 -1.72491783 -0.56228753], x7, +[ 0.49671415 -0.1382643   0.64768854  1.52302986], x5, x0, +[ 0.49671415 -0.1382643   0.64768854  1.52302986], +[ 0.49671415 -0.1382643   0.64768854  1.52302986], -[-0.23415337 -0.23413696  1.57921282  0.76743473], /[ 0.24196227 -1.91328024 -1.72491783 -0.56228753], x2, x5, x1, x6, x8, x9]
Training
	MSE:17850.712
	Rsquared:-1.894
Test:
	MSE:17459.004
	Rsquared:-2.067
17.34593176841736