generations_elite-fitness_number-of-evaluations_time
0_25450.027_128_0.09588813781738281
1_25450.027_256_0.3149292469024658
2_25450.027_384_0.9607882499694824
3_23846.549_512_1.4194886684417725
4_23348.864_640_1.844327449798584
5_23348.864_767_2.654144525527954
6_23288.608_890_3.824685573577881
7_22908.646_1009_5.197957515716553
8_21857.863_1134_6.60475754737854
9_21857.863_1259_8.05442500114441
10_21857.863_1381_9.513500452041626
11_21857.863_1503_11.014743566513062
Function found (71nodes ):
	[+[ 0.49671415 -0.1382643   0.64768854  1.52302986], /[ 0.24196227 -1.91328024 -1.72491783 -0.56228753], -[-0.23415337 -0.23413696  1.57921282  0.76743473], /[ 0.24196227 -1.91328024 -1.72491783 -0.56228753], x1, /[ 0.24196227 -1.91328024 -1.72491783 -0.56228753], +[ 0.49671415 -0.1382643   0.64768854  1.52302986], x5, /[ 0.24196227 -1.91328024 -1.72491783 -0.56228753], /[ 0.24196227 -1.91328024 -1.72491783 -0.56228753], x2, x9, x6, *[-0.46947439  0.54256004 -0.46341769 -0.46572975], +[ 0.49671415 -0.1382643   0.64768854  1.52302986], x6, x1, /[ 0.24196227 -1.91328024 -1.72491783 -0.56228753], x2, x1, x5, -[-0.23415337 -0.23413696  1.57921282  0.76743473], *[-0.46947439  0.54256004 -0.46341769 -0.46572975], /[ 0.24196227 -1.91328024 -1.72491783 -0.56228753], -[-0.23415337 -0.23413696  1.57921282  0.76743473], +[ 0.49671415 -0.1382643   0.64768854  1.52302986], x2, -[-0.23415337 -0.23413696  1.57921282  0.76743473], x5, x6, -[-0.23415337 -0.23413696  1.57921282  0.76743473], +[ 0.49671415 -0.1382643   0.64768854  1.52302986], /[ 0.24196227 -1.91328024 -1.72491783 -0.56228753], -4.832, x5, x1, -[-0.23415337 -0.23413696  1.57921282  0.76743473], x3, *[-0.46947439  0.54256004 -0.46341769 -0.46572975], x0, x3, x5, *[-0.46947439  0.54256004 -0.46341769 -0.46572975], x6, x2, *[-0.46947439  0.54256004 -0.46341769 -0.46572975], x9, +[ 0.49671415 -0.1382643   0.64768854  1.52302986], *[-0.46947439  0.54256004 -0.46341769 -0.46572975], x0, /[ 0.24196227 -1.91328024 -1.72491783 -0.56228753], /[ 0.24196227 -1.91328024 -1.72491783 -0.56228753], 1.617, x9, x9, x9, /[ 0.24196227 -1.91328024 -1.72491783 -0.56228753], +[ 0.49671415 -0.1382643   0.64768854  1.52302986], -[-0.23415337 -0.23413696  1.57921282  0.76743473], x2, -[-0.23415337 -0.23413696  1.57921282  0.76743473], x1, -0.275, x6, *[-0.46947439  0.54256004 -0.46341769 -0.46572975], -[-0.23415337 -0.23413696  1.57921282  0.76743473], -1.39, *[-0.46947439  0.54256004 -0.46341769 -0.46572975], x1, x7, x8]
Training
	MSE:21857.863
	Rsquared:-2.544
Test:
	MSE:22204.437
	Rsquared:-2.901
11.014853715896606