generations_elite-fitness_number-of-evaluations_time
0_19000.964_8192_6.24999213218689
1_19000.964_16374_19.962848901748657
2_18422.514_24558_41.240182876586914
Function found (43nodes ):
	[-[-0.23415337 -0.23413696  1.57921282  0.76743473], -[-0.23415337 -0.23413696  1.57921282  0.76743473], x1, x3, -[-0.23415337 -0.23413696  1.57921282  0.76743473], 2.763, /[ 0.24196227 -1.91328024 -1.72491783 -0.56228753], /[ 0.24196227 -1.91328024 -1.72491783 -0.56228753], +[ 0.49671415 -0.1382643   0.64768854  1.52302986], *[-0.46947439  0.54256004 -0.46341769 -0.46572975], -1.682, +[ 0.49671415 -0.1382643   0.64768854  1.52302986], /[ 0.24196227 -1.91328024 -1.72491783 -0.56228753], /[ 0.24196227 -1.91328024 -1.72491783 -0.56228753], x4, x4, /[ 0.24196227 -1.91328024 -1.72491783 -0.56228753], x6, /[ 0.24196227 -1.91328024 -1.72491783 -0.56228753], x9, -[-0.23415337 -0.23413696  1.57921282  0.76743473], +[ 0.49671415 -0.1382643   0.64768854  1.52302986], -[-0.23415337 -0.23413696  1.57921282  0.76743473], x4, +[ 0.49671415 -0.1382643   0.64768854  1.52302986], x5, x2, -[-0.23415337 -0.23413696  1.57921282  0.76743473], x4, x8, x7, -[-0.23415337 -0.23413696  1.57921282  0.76743473], -[-0.23415337 -0.23413696  1.57921282  0.76743473], +[ 0.49671415 -0.1382643   0.64768854  1.52302986], x0, x3, x3, x7, x5, -1.562, *[-0.46947439  0.54256004 -0.46341769 -0.46572975], x9, x8]
Training
	MSE:18422.514
	Rsquared:-1.987
Test:
	MSE:17785.588
	Rsquared:-2.125
41.240288972854614