generations_elite-fitness_number-of-evaluations_time
0_27673.147_256_0.15288686752319336
1_27673.147_512_0.5571110248565674
2_27638.874_768_1.3402950763702393
3_25248.294_1022_2.278932809829712
4_25248.294_1274_3.6582953929901123
5_24035.679_1526_4.993093252182007
6_19635.66_1775_6.178284168243408
Function found (73nodes ):
	[/[ 0.24196227 -1.91328024 -1.72491783 -0.56228753], /[ 0.24196227 -1.91328024 -1.72491783 -0.56228753], -[-0.23415337 -0.23413696  1.57921282  0.76743473], +[ 0.49671415 -0.1382643   0.64768854  1.52302986], x5, +[ 0.49671415 -0.1382643   0.64768854  1.52302986], -[-0.23415337 -0.23413696  1.57921282  0.76743473], -[-0.23415337 -0.23413696  1.57921282  0.76743473], x7, *[-0.46947439  0.54256004 -0.46341769 -0.46572975], x9, x8, /[ 0.24196227 -1.91328024 -1.72491783 -0.56228753], /[ 0.24196227 -1.91328024 -1.72491783 -0.56228753], x2, x5, /[ 0.24196227 -1.91328024 -1.72491783 -0.56228753], x0, x3, /[ 0.24196227 -1.91328024 -1.72491783 -0.56228753], -[-0.23415337 -0.23413696  1.57921282  0.76743473], *[-0.46947439  0.54256004 -0.46341769 -0.46572975], x8, x2, x1, *[-0.46947439  0.54256004 -0.46341769 -0.46572975], /[ 0.24196227 -1.91328024 -1.72491783 -0.56228753], x6, x4, x3, +[ 0.49671415 -0.1382643   0.64768854  1.52302986], x4, -[-0.23415337 -0.23413696  1.57921282  0.76743473], -[-0.23415337 -0.23413696  1.57921282  0.76743473], -[-0.23415337 -0.23413696  1.57921282  0.76743473], +[ 0.49671415 -0.1382643   0.64768854  1.52302986], x2, x4, /[ 0.24196227 -1.91328024 -1.72491783 -0.56228753], x9, 0.447, x6, x9, -[-0.23415337 -0.23413696  1.57921282  0.76743473], -[-0.23415337 -0.23413696  1.57921282  0.76743473], +[ 0.49671415 -0.1382643   0.64768854  1.52302986], 2.46, x9, /[ 0.24196227 -1.91328024 -1.72491783 -0.56228753], *[-0.46947439  0.54256004 -0.46341769 -0.46572975], x1, -[-0.23415337 -0.23413696  1.57921282  0.76743473], *[-0.46947439  0.54256004 -0.46341769 -0.46572975], x4, x9, +[ 0.49671415 -0.1382643   0.64768854  1.52302986], x4, x3, +[ 0.49671415 -0.1382643   0.64768854  1.52302986], -[-0.23415337 -0.23413696  1.57921282  0.76743473], -[-0.23415337 -0.23413696  1.57921282  0.76743473], x2, 4.526, x5, +[ 0.49671415 -0.1382643   0.64768854  1.52302986], x3, *[-0.46947439  0.54256004 -0.46341769 -0.46572975], x3, x5, x6, *[-0.46947439  0.54256004 -0.46341769 -0.46572975], x7, x3]
Training
	MSE:19635.66
	Rsquared:-2.184
Test:
	MSE:19302.364
	Rsquared:-2.391
6.178407430648804