generations_elite-fitness_number-of-evaluations_time
0_24316.823_256_0.09443187713623047
1_24311.58_512_0.3842194080352783
2_20312.621_768_1.0446720123291016
3_19625.01_1024_1.5030841827392578
4_18157.657_1280_2.0726375579833984
5_15284.656_1536_2.9639575481414795
6_6529.657_1792_4.086344957351685
7_5521.289_2048_5.48560905456543
8_5265.71_2304_7.128373384475708
9_5260.219_2553_9.077136278152466
10_5226.25_2800_11.721267938613892
11_5218.755_3034_14.665156364440918
12_5218.755_3259_18.078006982803345
13_5218.06_3473_21.939664602279663
Function found (97nodes ):
	[-[-0.23415337 -0.23413696  1.57921282  0.76743473], x9, -[-0.23415337 -0.23413696  1.57921282  0.76743473], -[-0.23415337 -0.23413696  1.57921282  0.76743473], x9, -[-0.23415337 -0.23413696  1.57921282  0.76743473], x2, +[ 0.49671415 -0.1382643   0.64768854  1.52302986], -[-0.23415337 -0.23413696  1.57921282  0.76743473], x9, -[-0.23415337 -0.23413696  1.57921282  0.76743473], x8, +[ 0.49671415 -0.1382643   0.64768854  1.52302986], -[-0.23415337 -0.23413696  1.57921282  0.76743473], x9, -[-0.23415337 -0.23413696  1.57921282  0.76743473], -[-0.23415337 -0.23413696  1.57921282  0.76743473], x2, -[-0.23415337 -0.23413696  1.57921282  0.76743473], x8, -[-0.23415337 -0.23413696  1.57921282  0.76743473], -[-0.23415337 -0.23413696  1.57921282  0.76743473], +[ 0.49671415 -0.1382643   0.64768854  1.52302986], x0, x1, -0.696, -[-0.23415337 -0.23413696  1.57921282  0.76743473], x8, +[ 0.49671415 -0.1382643   0.64768854  1.52302986], /[ 0.24196227 -1.91328024 -1.72491783 -0.56228753], x7, x1, -[-0.23415337 -0.23413696  1.57921282  0.76743473], x2, -4.284, -[-0.23415337 -0.23413696  1.57921282  0.76743473], -[-0.23415337 -0.23413696  1.57921282  0.76743473], +[ 0.49671415 -0.1382643   0.64768854  1.52302986], x0, x1, -0.696, -[-0.23415337 -0.23413696  1.57921282  0.76743473], x8, +[ 0.49671415 -0.1382643   0.64768854  1.52302986], /[ 0.24196227 -1.91328024 -1.72491783 -0.56228753], x7, x1, -[-0.23415337 -0.23413696  1.57921282  0.76743473], x2, -4.284, -[-0.23415337 -0.23413696  1.57921282  0.76743473], x1, -4.284, -[-0.23415337 -0.23413696  1.57921282  0.76743473], x2, -4.284, +[ 0.49671415 -0.1382643   0.64768854  1.52302986], /[ 0.24196227 -1.91328024 -1.72491783 -0.56228753], x7, x1, -[-0.23415337 -0.23413696  1.57921282  0.76743473], x2, -[-0.23415337 -0.23413696  1.57921282  0.76743473], x1, +[ 0.49671415 -0.1382643   0.64768854  1.52302986], -[-0.23415337 -0.23413696  1.57921282  0.76743473], -[-0.23415337 -0.23413696  1.57921282  0.76743473], x3, -0.696, -[-0.23415337 -0.23413696  1.57921282  0.76743473], /[ 0.24196227 -1.91328024 -1.72491783 -0.56228753], +[ 0.49671415 -0.1382643   0.64768854  1.52302986], x5, x3, -[-0.23415337 -0.23413696  1.57921282  0.76743473], -[-0.23415337 -0.23413696  1.57921282  0.76743473], x3, -0.696, -[-0.23415337 -0.23413696  1.57921282  0.76743473], x8, +[ 0.49671415 -0.1382643   0.64768854  1.52302986], /[ 0.24196227 -1.91328024 -1.72491783 -0.56228753], x7, x8, /[ 0.24196227 -1.91328024 -1.72491783 -0.56228753], x8, *[-0.46947439  0.54256004 -0.46341769 -0.46572975], x6, x6, /[ 0.24196227 -1.91328024 -1.72491783 -0.56228753], x8, *[-0.46947439  0.54256004 -0.46341769 -0.46572975], x6, x7, -[-0.23415337 -0.23413696  1.57921282  0.76743473], x9, -4.284]
Training
	MSE:5218.06
	Rsquared:0.154
Test:
	MSE:5260.531
	Rsquared:0.076
21.93979501724243