generations_elite-fitness_number-of-evaluations_time
0_20931.9_2048_1.2497785091400146
1_20931.135_4094_4.71036958694458
2_20632.022_6142_8.901799440383911
3_20632.022_8190_14.141927480697632
4_20583.745_10237_20.302244424819946
Function found (77nodes ):
	[-[-0.23415337 -0.23413696  1.57921282  0.76743473], *[-0.46947439  0.54256004 -0.46341769 -0.46572975], /[ 0.24196227 -1.91328024 -1.72491783 -0.56228753], x5, *[-0.46947439  0.54256004 -0.46341769 -0.46572975], x4, -[-0.23415337 -0.23413696  1.57921282  0.76743473], x2, x8, x2, -[-0.23415337 -0.23413696  1.57921282  0.76743473], -[-0.23415337 -0.23413696  1.57921282  0.76743473], *[-0.46947439  0.54256004 -0.46341769 -0.46572975], *[-0.46947439  0.54256004 -0.46341769 -0.46572975], +[ 0.49671415 -0.1382643   0.64768854  1.52302986], /[ 0.24196227 -1.91328024 -1.72491783 -0.56228753], 1.081, x8, *[-0.46947439  0.54256004 -0.46341769 -0.46572975], x7, /[ 0.24196227 -1.91328024 -1.72491783 -0.56228753], x6, x2, x9, +[ 0.49671415 -0.1382643   0.64768854  1.52302986], *[-0.46947439  0.54256004 -0.46341769 -0.46572975], -[-0.23415337 -0.23413696  1.57921282  0.76743473], x6, x7, *[-0.46947439  0.54256004 -0.46341769 -0.46572975], x5, x8, *[-0.46947439  0.54256004 -0.46341769 -0.46572975], *[-0.46947439  0.54256004 -0.46341769 -0.46572975], x6, x6, x6, +[ 0.49671415 -0.1382643   0.64768854  1.52302986], x5, x6, -[-0.23415337 -0.23413696  1.57921282  0.76743473], -[-0.23415337 -0.23413696  1.57921282  0.76743473], +[ 0.49671415 -0.1382643   0.64768854  1.52302986], x4, -[-0.23415337 -0.23413696  1.57921282  0.76743473], +[ 0.49671415 -0.1382643   0.64768854  1.52302986], -[-0.23415337 -0.23413696  1.57921282  0.76743473], x2, x2, x5, -[-0.23415337 -0.23413696  1.57921282  0.76743473], -[-0.23415337 -0.23413696  1.57921282  0.76743473], -3.968, x0, *[-0.46947439  0.54256004 -0.46341769 -0.46572975], x6, -2.777, +[ 0.49671415 -0.1382643   0.64768854  1.52302986], x9, +[ 0.49671415 -0.1382643   0.64768854  1.52302986], +[ 0.49671415 -0.1382643   0.64768854  1.52302986], /[ 0.24196227 -1.91328024 -1.72491783 -0.56228753], x1, x3, x5, -[-0.23415337 -0.23413696  1.57921282  0.76743473], x4, /[ 0.24196227 -1.91328024 -1.72491783 -0.56228753], -0.075, x1, -[-0.23415337 -0.23413696  1.57921282  0.76743473], /[ 0.24196227 -1.91328024 -1.72491783 -0.56228753], +[ 0.49671415 -0.1382643   0.64768854  1.52302986], x0, x9, x0, 4.405]
Training
	MSE:20583.745
	Rsquared:-2.337
Test:
	MSE:20068.643
	Rsquared:-2.526
20.302361488342285