generations_elite-fitness_number-of-evaluations_time
0_27926.719_64_0.028100013732910156
1_27926.719_128_0.09927535057067871
2_27592.348_192_0.16670536994934082
3_27592.348_256_0.22512459754943848
4_27588.481_320_0.2998788356781006
5_27016.588_384_0.46681690216064453
6_27016.588_448_0.870962381362915
7_27012.156_512_1.1389248371124268
8_26574.682_576_1.4570591449737549
9_26442.988_640_1.8485677242279053
10_26371.564_702_2.39239764213562
11_26358.688_763_2.957775354385376
12_26271.032_821_3.656196355819702
13_26271.032_883_4.223266363143921
14_26171.382_943_4.744810104370117
15_25990.857_1003_5.397854566574097
16_25990.857_1061_5.988072633743286
17_25986.124_1119_6.811036109924316
18_25983.488_1171_7.580515146255493
19_25983.488_1223_8.569776773452759
20_25198.378_1279_9.48737907409668
21_25198.378_1336_10.305330514907837
22_25188.388_1391_11.292740106582642
23_25013.117_1447_12.225206136703491
24_24968.748_1499_13.012816429138184
25_24484.93_1552_13.842632532119751
26_24484.93_1610_14.562577962875366
27_24066.538_1671_15.409346103668213
28_24066.538_1731_16.078134298324585
29_24066.538_1785_16.9677095413208
30_24048.457_1844_17.864733457565308
31_24021.447_1903_18.708041191101074
32_23140.432_1957_19.735508918762207
33_12011.321_2007_20.74073314666748
Function found (85nodes ):
	[/[ 0.24196227 -1.91328024 -1.72491783 -0.56228753], -[-0.23415337 -0.23413696  1.57921282  0.76743473], +[ 0.49671415 -0.1382643   0.64768854  1.52302986], x3, x5, *[-0.46947439  0.54256004 -0.46341769 -0.46572975], -[-0.23415337 -0.23413696  1.57921282  0.76743473], +[ 0.49671415 -0.1382643   0.64768854  1.52302986], x0, x5, /[ 0.24196227 -1.91328024 -1.72491783 -0.56228753], -[-0.23415337 -0.23413696  1.57921282  0.76743473], *[-0.46947439  0.54256004 -0.46341769 -0.46572975], -[-0.23415337 -0.23413696  1.57921282  0.76743473], +[ 0.49671415 -0.1382643   0.64768854  1.52302986], x0, x5, /[ 0.24196227 -1.91328024 -1.72491783 -0.56228753], -[-0.23415337 -0.23413696  1.57921282  0.76743473], *[-0.46947439  0.54256004 -0.46341769 -0.46572975], x8, -[-0.23415337 -0.23413696  1.57921282  0.76743473], /[ 0.24196227 -1.91328024 -1.72491783 -0.56228753], x3, x5, /[ 0.24196227 -1.91328024 -1.72491783 -0.56228753], x5, *[-0.46947439  0.54256004 -0.46341769 -0.46572975], x5, x3, /[ 0.24196227 -1.91328024 -1.72491783 -0.56228753], -[-0.23415337 -0.23413696  1.57921282  0.76743473], *[-0.46947439  0.54256004 -0.46341769 -0.46572975], x8, -[-0.23415337 -0.23413696  1.57921282  0.76743473], /[ 0.24196227 -1.91328024 -1.72491783 -0.56228753], -[-0.23415337 -0.23413696  1.57921282  0.76743473], x0, x6, x5, /[ 0.24196227 -1.91328024 -1.72491783 -0.56228753], x5, *[-0.46947439  0.54256004 -0.46341769 -0.46572975], +[ 0.49671415 -0.1382643   0.64768854  1.52302986], -[-0.23415337 -0.23413696  1.57921282  0.76743473], x9, x2, x3, x3, +[ 0.49671415 -0.1382643   0.64768854  1.52302986], /[ 0.24196227 -1.91328024 -1.72491783 -0.56228753], x3, x9, 4.726, x3, x3, -[-0.23415337 -0.23413696  1.57921282  0.76743473], /[ 0.24196227 -1.91328024 -1.72491783 -0.56228753], -[-0.23415337 -0.23413696  1.57921282  0.76743473], x0, x6, x5, /[ 0.24196227 -1.91328024 -1.72491783 -0.56228753], x5, *[-0.46947439  0.54256004 -0.46341769 -0.46572975], x2, x3, +[ 0.49671415 -0.1382643   0.64768854  1.52302986], /[ 0.24196227 -1.91328024 -1.72491783 -0.56228753], x0, x9, 4.726, x3, -[-0.23415337 -0.23413696  1.57921282  0.76743473], /[ 0.24196227 -1.91328024 -1.72491783 -0.56228753], -[-0.23415337 -0.23413696  1.57921282  0.76743473], x0, x6, x5, /[ 0.24196227 -1.91328024 -1.72491783 -0.56228753], x5, *[-0.46947439  0.54256004 -0.46341769 -0.46572975], x2, x3, x3]
Training
	MSE:12011.321
	Rsquared:-0.947
Test:
	MSE:11075.106
	Rsquared:-0.946
20.740886449813843