generations_elite-fitness_number-of-evaluations_time
0_27981.923_128_0.08642148971557617
1_27981.923_256_0.25282907485961914
2_27981.923_384_0.45563244819641113
3_26738.968_512_0.9102029800415039
4_26738.968_640_1.072925329208374
5_26738.968_768_1.2290823459625244
6_25961.078_896_1.4752593040466309
7_25961.078_1024_1.8337199687957764
8_25874.19_1152_2.3225290775299072
9_23250.117_1280_2.734978199005127
10_23250.117_1408_3.1884801387786865
11_22502.155_1536_3.828989267349243
12_21092.893_1664_4.395364284515381
13_20924.593_1792_5.0837788581848145
14_17932.996_1919_5.820767641067505
15_15503.05_2042_6.800346851348877
16_13137.77_2166_7.994831085205078
17_6414.993_2291_9.156989574432373
18_6414.993_2415_10.372053384780884
Function found (97nodes ):
	[+[ 0.49671415 -0.1382643   0.64768854  1.52302986], x2, -[-0.23415337 -0.23413696  1.57921282  0.76743473], x6, -[-0.23415337 -0.23413696  1.57921282  0.76743473], x2, -[-0.23415337 -0.23413696  1.57921282  0.76743473], x3, -[-0.23415337 -0.23413696  1.57921282  0.76743473], x2, +[ 0.49671415 -0.1382643   0.64768854  1.52302986], +[ 0.49671415 -0.1382643   0.64768854  1.52302986], -[-0.23415337 -0.23413696  1.57921282  0.76743473], x3, -[-0.23415337 -0.23413696  1.57921282  0.76743473], +[ 0.49671415 -0.1382643   0.64768854  1.52302986], x8, x1, 4.539, -[-0.23415337 -0.23413696  1.57921282  0.76743473], +[ 0.49671415 -0.1382643   0.64768854  1.52302986], +[ 0.49671415 -0.1382643   0.64768854  1.52302986], x0, *[-0.46947439  0.54256004 -0.46341769 -0.46572975], *[-0.46947439  0.54256004 -0.46341769 -0.46572975], x6, +[ 0.49671415 -0.1382643   0.64768854  1.52302986], -[-0.23415337 -0.23413696  1.57921282  0.76743473], x2, x8, x0, x1, x9, -[-0.23415337 -0.23413696  1.57921282  0.76743473], x2, +[ 0.49671415 -0.1382643   0.64768854  1.52302986], +[ 0.49671415 -0.1382643   0.64768854  1.52302986], -[-0.23415337 -0.23413696  1.57921282  0.76743473], x3, -[-0.23415337 -0.23413696  1.57921282  0.76743473], +[ 0.49671415 -0.1382643   0.64768854  1.52302986], x8, x1, 4.539, /[ 0.24196227 -1.91328024 -1.72491783 -0.56228753], x0, x1, +[ 0.49671415 -0.1382643   0.64768854  1.52302986], x2, -[-0.23415337 -0.23413696  1.57921282  0.76743473], x6, -[-0.23415337 -0.23413696  1.57921282  0.76743473], x2, -[-0.23415337 -0.23413696  1.57921282  0.76743473], x3, -[-0.23415337 -0.23413696  1.57921282  0.76743473], x2, +[ 0.49671415 -0.1382643   0.64768854  1.52302986], +[ 0.49671415 -0.1382643   0.64768854  1.52302986], -[-0.23415337 -0.23413696  1.57921282  0.76743473], x3, -[-0.23415337 -0.23413696  1.57921282  0.76743473], +[ 0.49671415 -0.1382643   0.64768854  1.52302986], x8, x1, 4.539, -[-0.23415337 -0.23413696  1.57921282  0.76743473], +[ 0.49671415 -0.1382643   0.64768854  1.52302986], +[ 0.49671415 -0.1382643   0.64768854  1.52302986], x0, *[-0.46947439  0.54256004 -0.46341769 -0.46572975], *[-0.46947439  0.54256004 -0.46341769 -0.46572975], x6, +[ 0.49671415 -0.1382643   0.64768854  1.52302986], -[-0.23415337 -0.23413696  1.57921282  0.76743473], x2, x8, x0, x1, x9, -[-0.23415337 -0.23413696  1.57921282  0.76743473], x2, +[ 0.49671415 -0.1382643   0.64768854  1.52302986], +[ 0.49671415 -0.1382643   0.64768854  1.52302986], -[-0.23415337 -0.23413696  1.57921282  0.76743473], x3, -[-0.23415337 -0.23413696  1.57921282  0.76743473], +[ 0.49671415 -0.1382643   0.64768854  1.52302986], x8, x1, 4.539, /[ 0.24196227 -1.91328024 -1.72491783 -0.56228753], x0, x1, x9, x9, x9]
Training
	MSE:6414.993
	Rsquared:-0.04
Test:
	MSE:5941.211
	Rsquared:-0.044
10.372171640396118