generations_elite-fitness_number-of-evaluations_time
0_24657.512_256_0.0610959529876709
1_24657.512_512_0.211348295211792
2_24486.419_768_0.4027435779571533
3_23237.495_1024_0.626171350479126
4_20579.825_1280_0.8825669288635254
5_20579.825_1536_1.3705298900604248
6_19549.843_1792_1.6476294994354248
7_19549.843_2048_1.9549674987792969
8_12010.961_2304_2.333336114883423
9_6044.248_2560_2.899707555770874
10_6043.211_2816_3.434007167816162
11_6043.211_3072_4.048513412475586
12_6043.211_3328_4.865106105804443
13_5954.461_3584_5.708988904953003
14_4720.786_3840_6.803168535232544
15_4720.786_4096_7.9389636516571045
16_4720.786_4352_9.161926746368408
17_4720.786_4608_10.197516441345215
Function found (23nodes ):
	[-[-0.23415337 -0.23413696  1.57921282  0.76743473], -4.858, -[-0.23415337 -0.23413696  1.57921282  0.76743473], x5, /[ 0.24196227 -1.91328024 -1.72491783 -0.56228753], +[ 0.49671415 -0.1382643   0.64768854  1.52302986], -[-0.23415337 -0.23413696  1.57921282  0.76743473], x6, /[ 0.24196227 -1.91328024 -1.72491783 -0.56228753], -[-0.23415337 -0.23413696  1.57921282  0.76743473], +[ 0.49671415 -0.1382643   0.64768854  1.52302986], -3.192, x4, -[-0.23415337 -0.23413696  1.57921282  0.76743473], x1, -3.895, *[-0.46947439  0.54256004 -0.46341769 -0.46572975], x1, x3, x9, *[-0.46947439  0.54256004 -0.46341769 -0.46572975], x6, x4]
Training
	MSE:4720.786
	Rsquared:0.235
Test:
	MSE:4655.84
	Rsquared:0.182
10.19764494895935