generations_elite-fitness_number-of-evaluations_time
0_22780.9_256_0.17468881607055664
1_22780.9_512_0.654712438583374
2_22780.9_768_1.4921393394470215
3_21002.911_1024_2.4113941192626953
4_14587.473_1280_3.419666051864624
5_14587.473_1536_4.875942707061768
6_9119.206_1787_6.885060548782349
Function found (59nodes ):
	[*[-0.46947439  0.54256004 -0.46341769 -0.46572975], -[-0.23415337 -0.23413696  1.57921282  0.76743473], x6, -[-0.23415337 -0.23413696  1.57921282  0.76743473], x0, /[ 0.24196227 -1.91328024 -1.72491783 -0.56228753], +[ 0.49671415 -0.1382643   0.64768854  1.52302986], -[-0.23415337 -0.23413696  1.57921282  0.76743473], /[ 0.24196227 -1.91328024 -1.72491783 -0.56228753], 2.947, -[-0.23415337 -0.23413696  1.57921282  0.76743473], x3, x4, +[ 0.49671415 -0.1382643   0.64768854  1.52302986], x4, /[ 0.24196227 -1.91328024 -1.72491783 -0.56228753], -4.32, x1, -[-0.23415337 -0.23413696  1.57921282  0.76743473], x4, +[ 0.49671415 -0.1382643   0.64768854  1.52302986], /[ 0.24196227 -1.91328024 -1.72491783 -0.56228753], x4, x7, +[ 0.49671415 -0.1382643   0.64768854  1.52302986], x9, x5, -0.365, /[ 0.24196227 -1.91328024 -1.72491783 -0.56228753], x7, *[-0.46947439  0.54256004 -0.46341769 -0.46572975], -[-0.23415337 -0.23413696  1.57921282  0.76743473], /[ 0.24196227 -1.91328024 -1.72491783 -0.56228753], x5, +[ 0.49671415 -0.1382643   0.64768854  1.52302986], /[ 0.24196227 -1.91328024 -1.72491783 -0.56228753], -[-0.23415337 -0.23413696  1.57921282  0.76743473], x7, /[ 0.24196227 -1.91328024 -1.72491783 -0.56228753], +[ 0.49671415 -0.1382643   0.64768854  1.52302986], x1, *[-0.46947439  0.54256004 -0.46341769 -0.46572975], x0, /[ 0.24196227 -1.91328024 -1.72491783 -0.56228753], x8, x2, /[ 0.24196227 -1.91328024 -1.72491783 -0.56228753], -[-0.23415337 -0.23413696  1.57921282  0.76743473], +[ 0.49671415 -0.1382643   0.64768854  1.52302986], x0, x4, x4, /[ 0.24196227 -1.91328024 -1.72491783 -0.56228753], x3, x7, x6, x6, x0, x5]
Training
	MSE:9119.206
	Rsquared:-0.479
Test:
	MSE:9089.654
	Rsquared:-0.597
6.885171175003052