generations_elite-fitness_number-of-evaluations_time
0_18251.752_8192_5.534955978393555
1_18225.126_16381_17.961260080337524
Function found (59nodes ):
	[-[-0.23415337 -0.23413696  1.57921282  0.76743473], x2, *[-0.46947439  0.54256004 -0.46341769 -0.46572975], /[ 0.24196227 -1.91328024 -1.72491783 -0.56228753], *[-0.46947439  0.54256004 -0.46341769 -0.46572975], -[-0.23415337 -0.23413696  1.57921282  0.76743473], +[ 0.49671415 -0.1382643   0.64768854  1.52302986], x1, *[-0.46947439  0.54256004 -0.46341769 -0.46572975], x1, +[ 0.49671415 -0.1382643   0.64768854  1.52302986], x8, x1, 4.877, *[-0.46947439  0.54256004 -0.46341769 -0.46572975], +[ 0.49671415 -0.1382643   0.64768854  1.52302986], x5, x3, +[ 0.49671415 -0.1382643   0.64768854  1.52302986], /[ 0.24196227 -1.91328024 -1.72491783 -0.56228753], x8, x2, +[ 0.49671415 -0.1382643   0.64768854  1.52302986], x4, x1, *[-0.46947439  0.54256004 -0.46341769 -0.46572975], *[-0.46947439  0.54256004 -0.46341769 -0.46572975], +[ 0.49671415 -0.1382643   0.64768854  1.52302986], -[-0.23415337 -0.23413696  1.57921282  0.76743473], /[ 0.24196227 -1.91328024 -1.72491783 -0.56228753], -1.303, x7, x3, x4, +[ 0.49671415 -0.1382643   0.64768854  1.52302986], -[-0.23415337 -0.23413696  1.57921282  0.76743473], x2, x5, *[-0.46947439  0.54256004 -0.46341769 -0.46572975], *[-0.46947439  0.54256004 -0.46341769 -0.46572975], x7, x4, /[ 0.24196227 -1.91328024 -1.72491783 -0.56228753], x0, x9, /[ 0.24196227 -1.91328024 -1.72491783 -0.56228753], x5, -[-0.23415337 -0.23413696  1.57921282  0.76743473], *[-0.46947439  0.54256004 -0.46341769 -0.46572975], -[-0.23415337 -0.23413696  1.57921282  0.76743473], x4, x0, -[-0.23415337 -0.23413696  1.57921282  0.76743473], x6, x2, -2.765, /[ 0.24196227 -1.91328024 -1.72491783 -0.56228753], x2, x5]
Training
	MSE:18225.126
	Rsquared:-1.955
Test:
	MSE:17672.085
	Rsquared:-2.105
17.96138906478882